aid	scene_pred	scene_label	airport	bus	metro	metro_station	park	public_square	shopping_mall	street_pedestrian	street_traffic	tram
airport-lisbon-1175-44106	airport	airport	0.761	0.001	0.003	0.082	0.003	0.002	0.133	0.007	0.006	0.001
airport-lisbon-1175-44186	airport	airport	0.754	0.001	0.005	0.121	0.003	0.001	0.107	0.002	0.005	0.001
airport-lisbon-1175-44210	airport	airport	0.600	0.003	0.005	0.005	0.005	0.003	0.365	0.009	0.003	0.002
airport-lisbon-1175-44233	airport	airport	0.529	0.002	0.004	0.004	0.003	0.001	0.448	0.005	0.002	0.001
airport-lisbon-1175-44296	shopping_mall	airport	0.429	0.003	0.007	0.007	0.006	0.002	0.532	0.010	0.004	0.002
airport-lisbon-1175-44606	airport	airport	0.752	0.004	0.006	0.008	0.008	0.003	0.194	0.018	0.004	0.002
airport-lisbon-1175-44669	airport	airport	0.754	0.011	0.008	0.011	0.016	0.034	0.070	0.073	0.006	0.017
airport-lisbon-1175-44691	airport	airport	0.755	0.000	0.002	0.082	0.002	0.001	0.151	0.004	0.003	0.001
airport-lisbon-1175-44700	airport	airport	0.571	0.036	0.016	0.023	0.027	0.058	0.130	0.096	0.009	0.034
airport-lisbon-1175-44702	airport	airport	0.975	0.000	0.000	0.008	0.001	0.001	0.014	0.001	0.001	0.000
airport-lisbon-1175-44703	shopping_mall	airport	0.477	0.003	0.005	0.012	0.004	0.002	0.489	0.005	0.003	0.002
airport-lisbon-1175-44708	airport	airport	0.903	0.001	0.001	0.043	0.002	0.001	0.045	0.002	0.002	0.001
airport-lisbon-1175-44791	airport	airport	0.776	0.003	0.006	0.007	0.007	0.004	0.175	0.016	0.003	0.002
airport-lisbon-1175-44813	airport	airport	0.758	0.009	0.005	0.007	0.007	0.014	0.175	0.011	0.008	0.006
airport-lisbon-1175-44864	airport	airport	0.838	0.002	0.002	0.003	0.006	0.007	0.083	0.055	0.003	0.002
airport-lisbon-1175-44916	airport	airport	0.953	0.000	0.001	0.026	0.001	0.001	0.014	0.001	0.003	0.000
airport-lisbon-1175-44918	airport	airport	0.979	0.000	0.000	0.005	0.000	0.001	0.013	0.001	0.001	0.000
airport-lisbon-1175-45070	airport	airport	0.888	0.000	0.002	0.032	0.001	0.000	0.073	0.001	0.002	0.000
airport-lisbon-1175-45108	airport	airport	0.912	0.000	0.001	0.039	0.001	0.000	0.043	0.001	0.002	0.000
airport-lisbon-1175-45126	airport	airport	0.748	0.001	0.005	0.156	0.003	0.003	0.071	0.005	0.006	0.002
airport-lisbon-1175-45127	airport	airport	0.926	0.000	0.003	0.028	0.002	0.001	0.035	0.001	0.003	0.001
airport-lisbon-1175-45213	airport	airport	0.601	0.003	0.011	0.258	0.006	0.003	0.100	0.003	0.012	0.003
airport-lisbon-1175-45300	airport	airport	0.963	0.000	0.001	0.009	0.001	0.001	0.022	0.001	0.001	0.000
airport-lisbon-1175-45340	airport	airport	0.806	0.001	0.002	0.096	0.002	0.002	0.078	0.008	0.003	0.002
airport-lisbon-1175-45350	airport	airport	0.889	0.001	0.002	0.055	0.002	0.001	0.046	0.001	0.003	0.001
airport-lisbon-1175-45351	airport	airport	0.793	0.001	0.004	0.095	0.002	0.001	0.098	0.002	0.004	0.001
airport-lisbon-1175-45357	airport	airport	0.654	0.001	0.004	0.266	0.002	0.002	0.058	0.007	0.005	0.002
airport-lisbon-1175-45362	airport	airport	0.651	0.001	0.006	0.065	0.002	0.001	0.265	0.002	0.007	0.001
airport-lisbon-1175-45450	airport	airport	0.774	0.001	0.004	0.095	0.003	0.001	0.114	0.002	0.005	0.001
airport-lisbon-1175-45451	airport	airport	0.920	0.000	0.001	0.045	0.001	0.001	0.024	0.005	0.002	0.001
airport-lisbon-1175-45539	airport	airport	0.973	0.000	0.001	0.008	0.001	0.001	0.014	0.001	0.002	0.000
airport-lisbon-1175-45585	airport	airport	0.566	0.004	0.009	0.010	0.006	0.003	0.381	0.014	0.005	0.003
airport-lisbon-1175-45593	airport	airport	0.864	0.000	0.002	0.073	0.002	0.002	0.048	0.005	0.004	0.001
airport-lisbon-1175-45692	airport	airport	0.799	0.000	0.002	0.103	0.002	0.001	0.087	0.003	0.003	0.001
airport-lisbon-1175-45707	airport	airport	0.595	0.005	0.009	0.009	0.006	0.003	0.355	0.012	0.004	0.003
airport-lisbon-1175-45732	airport	airport	0.822	0.006	0.006	0.006	0.007	0.019	0.101	0.020	0.005	0.009
airport-london-205-6178	shopping_mall	airport	0.104	0.005	0.017	0.165	0.007	0.006	0.591	0.073	0.028	0.004
airport-london-205-6179	shopping_mall	airport	0.072	0.002	0.003	0.028	0.002	0.001	0.869	0.019	0.003	0.001
airport-london-205-6180	airport	airport	0.527	0.002	0.004	0.059	0.006	0.006	0.322	0.064	0.008	0.002
airport-london-205-6183	airport	airport	0.561	0.002	0.003	0.020	0.005	0.030	0.320	0.051	0.007	0.002
airport-london-205-6184	shopping_mall	airport	0.238	0.003	0.003	0.042	0.006	0.030	0.396	0.273	0.007	0.003
airport-london-205-6186	shopping_mall	airport	0.060	0.002	0.002	0.043	0.002	0.001	0.844	0.040	0.004	0.001
airport-london-205-6189	shopping_mall	airport	0.164	0.014	0.013	0.223	0.013	0.019	0.307	0.218	0.019	0.010
airport-london-205-6190	shopping_mall	airport	0.386	0.002	0.003	0.056	0.004	0.015	0.493	0.033	0.007	0.002
airport-london-205-6191	shopping_mall	airport	0.178	0.004	0.011	0.172	0.007	0.008	0.570	0.028	0.019	0.004
airport-london-205-6192	airport	airport	0.618	0.001	0.002	0.041	0.005	0.017	0.283	0.027	0.004	0.002
airport-london-205-6193	airport	airport	0.408	0.011	0.016	0.043	0.012	0.107	0.224	0.131	0.037	0.011
airport-london-205-6194	airport	airport	0.472	0.004	0.033	0.072	0.011	0.103	0.238	0.018	0.041	0.009
airport-london-205-6195	airport	airport	0.571	0.002	0.012	0.019	0.008	0.114	0.221	0.029	0.020	0.005
airport-london-205-6197	airport	airport	0.396	0.002	0.010	0.020	0.008	0.109	0.364	0.059	0.027	0.003
airport-london-205-6199	shopping_mall	airport	0.048	0.002	0.002	0.023	0.002	0.001	0.902	0.018	0.003	0.001
airport-london-205-6200	shopping_mall	airport	0.281	0.005	0.005	0.063	0.010	0.064	0.459	0.098	0.009	0.005
airport-london-205-6202	shopping_mall	airport	0.291	0.005	0.006	0.063	0.007	0.015	0.460	0.139	0.009	0.005
airport-london-205-6203	shopping_mall	airport	0.135	0.012	0.005	0.061	0.012	0.027	0.436	0.294	0.013	0.005
airport-london-205-6204	airport	airport	0.441	0.006	0.010	0.162	0.014	0.026	0.227	0.078	0.028	0.010
airport-london-205-6206	shopping_mall	airport	0.048	0.002	0.002	0.126	0.002	0.001	0.781	0.033	0.003	0.001
airport-london-205-6207	airport	airport	0.390	0.005	0.006	0.050	0.008	0.014	0.260	0.253	0.010	0.005
airport-london-205-6209	shopping_mall	airport	0.245	0.005	0.008	0.062	0.008	0.009	0.583	0.059	0.017	0.004
airport-london-205-6210	shopping_mall	airport	0.128	0.007	0.007	0.078	0.007	0.007	0.699	0.052	0.014	0.003
airport-london-205-6211	shopping_mall	airport	0.111	0.003	0.002	0.063	0.004	0.004	0.658	0.150	0.004	0.002
airport-london-205-6212	shopping_mall	airport	0.031	0.002	0.002	0.039	0.001	0.000	0.910	0.013	0.002	0.001
airport-london-205-6213	public_square	airport	0.231	0.001	0.006	0.009	0.006	0.598	0.069	0.058	0.018	0.003
airport-london-205-6214	shopping_mall	airport	0.368	0.006	0.008	0.136	0.010	0.031	0.371	0.055	0.010	0.005
airport-london-205-6215	shopping_mall	airport	0.177	0.004	0.007	0.180	0.007	0.005	0.563	0.042	0.011	0.004
airport-london-205-6216	shopping_mall	airport	0.049	0.002	0.002	0.053	0.001	0.001	0.867	0.022	0.003	0.001
airport-london-205-6217	shopping_mall	airport	0.251	0.006	0.018	0.035	0.014	0.149	0.387	0.089	0.042	0.008
airport-london-205-6219	airport	airport	0.523	0.005	0.021	0.049	0.009	0.049	0.252	0.037	0.046	0.010
airport-london-205-6220	shopping_mall	airport	0.122	0.008	0.006	0.077	0.006	0.007	0.629	0.130	0.011	0.004
airport-london-205-6222	shopping_mall	airport	0.433	0.002	0.003	0.029	0.005	0.017	0.473	0.030	0.007	0.002
airport-london-205-6223	airport	airport	0.570	0.004	0.022	0.067	0.010	0.098	0.172	0.014	0.034	0.009
airport-london-205-6224	shopping_mall	airport	0.212	0.002	0.004	0.048	0.004	0.014	0.669	0.035	0.008	0.002
airport-london-205-6225	shopping_mall	airport	0.185	0.006	0.006	0.131	0.010	0.034	0.505	0.109	0.011	0.004
airport-london-205-6226	shopping_mall	airport	0.058	0.008	0.007	0.211	0.006	0.014	0.589	0.086	0.016	0.005
airport-london-205-6227	airport	airport	0.558	0.002	0.005	0.073	0.005	0.012	0.255	0.071	0.016	0.003
airport-london-205-6228	airport	airport	0.509	0.004	0.006	0.095	0.009	0.021	0.197	0.139	0.012	0.006
airport-london-205-6229	airport	airport	0.385	0.006	0.007	0.062	0.010	0.059	0.349	0.103	0.011	0.009
airport-london-205-6230	airport	airport	0.390	0.005	0.018	0.022	0.012	0.193	0.224	0.088	0.041	0.006
airport-london-205-6231	shopping_mall	airport	0.311	0.002	0.003	0.031	0.004	0.015	0.605	0.021	0.005	0.002
airport-london-205-6232	airport	airport	0.496	0.003	0.004	0.061	0.008	0.019	0.148	0.244	0.011	0.004
airport-london-205-6233	airport	airport	0.532	0.001	0.003	0.013	0.004	0.015	0.394	0.033	0.005	0.001
airport-london-205-6234	shopping_mall	airport	0.061	0.006	0.006	0.110	0.003	0.003	0.780	0.020	0.008	0.002
airport-london-205-6235	public_square	airport	0.292	0.004	0.017	0.039	0.014	0.426	0.111	0.052	0.042	0.006
airport-london-205-6236	airport	airport	0.406	0.007	0.024	0.041	0.014	0.158	0.168	0.098	0.068	0.015
airport-lyon-1169-44100	airport	airport	0.965	0.000	0.000	0.001	0.001	0.003	0.017	0.011	0.001	0.000
airport-lyon-1169-44127	shopping_mall	airport	0.147	0.001	0.003	0.108	0.001	0.001	0.730	0.005	0.002	0.001
airport-lyon-1169-44227	airport	airport	0.933	0.000	0.000	0.001	0.002	0.005	0.020	0.036	0.001	0.000
airport-lyon-1169-44279	shopping_mall	airport	0.026	0.001	0.003	0.034	0.001	0.000	0.923	0.010	0.002	0.000
airport-lyon-1169-44283	airport	airport	0.978	0.000	0.000	0.001	0.001	0.001	0.012	0.006	0.001	0.000
airport-lyon-1169-44314	shopping_mall	airport	0.059	0.001	0.001	0.020	0.001	0.001	0.911	0.006	0.001	0.000
airport-lyon-1169-44321	shopping_mall	airport	0.226	0.003	0.006	0.154	0.004	0.002	0.582	0.016	0.004	0.002
airport-lyon-1169-44330	airport	airport	0.914	0.000	0.001	0.002	0.001	0.001	0.066	0.013	0.001	0.000
airport-lyon-1169-44348	shopping_mall	airport	0.083	0.001	0.001	0.070	0.001	0.001	0.839	0.002	0.002	0.000
airport-lyon-1169-44351	airport	airport	0.705	0.001	0.002	0.008	0.004	0.002	0.146	0.129	0.004	0.001
airport-lyon-1169-44363	shopping_mall	airport	0.216	0.007	0.009	0.242	0.008	0.004	0.472	0.029	0.008	0.005
airport-lyon-1169-44387	shopping_mall	airport	0.153	0.001	0.001	0.012	0.001	0.001	0.824	0.006	0.002	0.000
airport-lyon-1169-44430	airport	airport	0.985	0.000	0.000	0.000	0.001	0.001	0.008	0.004	0.000	0.000
airport-lyon-1169-44433	airport	airport	0.905	0.000	0.001	0.003	0.003	0.002	0.070	0.014	0.002	0.001
airport-lyon-1169-44434	airport	airport	0.448	0.001	0.002	0.126	0.002	0.003	0.407	0.007	0.003	0.001
airport-lyon-1169-44446	shopping_mall	airport	0.149	0.002	0.004	0.093	0.002	0.001	0.733	0.013	0.003	0.001
airport-lyon-1169-44486	airport	airport	0.889	0.001	0.001	0.003	0.004	0.004	0.065	0.030	0.003	0.001
airport-lyon-1169-44497	shopping_mall	airport	0.209	0.001	0.002	0.081	0.001	0.001	0.699	0.004	0.002	0.000
airport-lyon-1169-44528	airport	airport	0.950	0.000	0.001	0.001	0.002	0.002	0.037	0.005	0.001	0.000
airport-lyon-1169-44570	airport	airport	0.915	0.000	0.001	0.002	0.002	0.003	0.063	0.013	0.001	0.000
airport-lyon-1169-44738	airport	airport	0.988	0.000	0.000	0.000	0.001	0.000	0.007	0.003	0.000	0.000
airport-lyon-1169-44782	shopping_mall	airport	0.404	0.000	0.001	0.078	0.001	0.001	0.510	0.004	0.002	0.000
airport-lyon-1169-44981	airport	airport	0.992	0.000	0.000	0.000	0.000	0.001	0.005	0.001	0.000	0.000
airport-lyon-1169-45068	airport	airport	0.987	0.000	0.000	0.001	0.001	0.001	0.007	0.002	0.000	0.000
airport-lyon-1169-45129	shopping_mall	airport	0.245	0.001	0.002	0.075	0.002	0.001	0.654	0.017	0.002	0.001
airport-lyon-1169-45185	airport	airport	0.825	0.001	0.003	0.003	0.007	0.006	0.106	0.044	0.004	0.001
airport-lyon-1169-45263	airport	airport	0.860	0.000	0.001	0.003	0.002	0.001	0.098	0.033	0.001	0.000
airport-lyon-1169-45296	airport	airport	0.994	0.000	0.000	0.000	0.000	0.001	0.003	0.001	0.000	0.000
airport-lyon-1169-45396	airport	airport	0.913	0.000	0.000	0.002	0.003	0.002	0.023	0.054	0.001	0.000
airport-lyon-1169-45487	airport	airport	0.977	0.000	0.000	0.001	0.002	0.002	0.010	0.007	0.001	0.000
airport-lyon-1169-45498	airport	airport	0.950	0.000	0.000	0.002	0.002	0.003	0.032	0.011	0.001	0.000
airport-lyon-1169-45519	airport	airport	0.888	0.000	0.001	0.004	0.002	0.003	0.080	0.018	0.002	0.001
airport-lyon-1169-45560	airport	airport	0.972	0.000	0.000	0.002	0.003	0.002	0.011	0.009	0.001	0.000
airport-lyon-1169-45588	airport	airport	0.916	0.000	0.001	0.003	0.002	0.003	0.046	0.027	0.001	0.000
airport-lyon-1169-45628	airport	airport	0.898	0.000	0.001	0.002	0.002	0.002	0.052	0.042	0.002	0.000
airport-lyon-1169-45672	airport	airport	0.963	0.000	0.000	0.001	0.001	0.001	0.025	0.006	0.001	0.000
airport-milan-1172-44103	airport	airport	0.959	0.000	0.000	0.000	0.000	0.002	0.036	0.000	0.001	0.000
airport-milan-1172-44126	airport	airport	0.906	0.000	0.000	0.001	0.001	0.002	0.087	0.001	0.002	0.000
airport-milan-1172-44205	airport	airport	0.750	0.002	0.002	0.012	0.004	0.074	0.138	0.008	0.009	0.002
airport-milan-1172-44215	airport	airport	0.801	0.001	0.001	0.005	0.002	0.046	0.136	0.003	0.004	0.001
airport-milan-1172-44376	airport	airport	0.943	0.000	0.000	0.000	0.000	0.001	0.053	0.000	0.001	0.000
airport-milan-1172-44409	airport	airport	0.679	0.001	0.002	0.008	0.002	0.022	0.273	0.005	0.007	0.001
airport-milan-1172-44524	airport	airport	0.911	0.000	0.001	0.002	0.001	0.019	0.061	0.003	0.003	0.000
airport-milan-1172-44533	shopping_mall	airport	0.316	0.014	0.015	0.077	0.013	0.082	0.393	0.045	0.026	0.019
airport-milan-1172-44567	airport	airport	0.748	0.001	0.001	0.007	0.002	0.046	0.183	0.004	0.006	0.001
airport-milan-1172-44586	airport	airport	0.969	0.000	0.000	0.000	0.001	0.001	0.027	0.001	0.001	0.000
airport-milan-1172-44624	airport	airport	0.991	0.000	0.000	0.000	0.000	0.002	0.005	0.001	0.001	0.000
airport-milan-1172-44661	airport	airport	0.994	0.000	0.000	0.000	0.000	0.002	0.002	0.000	0.001	0.000
airport-milan-1172-44687	airport	airport	0.989	0.000	0.000	0.000	0.001	0.001	0.007	0.001	0.001	0.000
airport-milan-1172-44762	airport	airport	0.992	0.000	0.000	0.000	0.000	0.001	0.006	0.001	0.000	0.000
airport-milan-1172-44768	airport	airport	0.995	0.000	0.000	0.000	0.000	0.001	0.003	0.000	0.001	0.000
airport-milan-1172-44819	airport	airport	0.993	0.000	0.000	0.000	0.000	0.001	0.004	0.001	0.000	0.000
airport-milan-1172-44887	airport	airport	0.989	0.000	0.000	0.000	0.000	0.002	0.007	0.001	0.001	0.000
airport-milan-1172-44925	airport	airport	0.654	0.001	0.002	0.004	0.002	0.041	0.282	0.007	0.008	0.001
airport-milan-1172-45028	airport	airport	0.809	0.001	0.001	0.009	0.002	0.030	0.136	0.006	0.004	0.001
airport-milan-1172-45082	airport	airport	0.975	0.000	0.000	0.000	0.001	0.002	0.020	0.000	0.002	0.000
airport-milan-1172-45119	airport	airport	0.972	0.000	0.000	0.000	0.000	0.001	0.025	0.000	0.001	0.000
airport-milan-1172-45165	airport	airport	0.989	0.000	0.000	0.000	0.000	0.001	0.007	0.001	0.001	0.000
airport-milan-1172-45190	airport	airport	0.985	0.000	0.000	0.000	0.000	0.001	0.013	0.000	0.001	0.000
airport-milan-1172-45214	airport	airport	0.988	0.000	0.000	0.000	0.000	0.000	0.009	0.001	0.001	0.000
airport-milan-1172-45225	airport	airport	0.947	0.000	0.000	0.001	0.001	0.002	0.047	0.000	0.002	0.000
airport-milan-1172-45261	airport	airport	0.985	0.000	0.000	0.000	0.000	0.002	0.011	0.001	0.001	0.000
airport-milan-1172-45320	airport	airport	0.970	0.000	0.000	0.000	0.000	0.001	0.028	0.000	0.001	0.000
airport-milan-1172-45327	airport	airport	0.642	0.002	0.002	0.007	0.003	0.029	0.304	0.005	0.006	0.001
airport-milan-1172-45355	airport	airport	0.986	0.000	0.000	0.000	0.001	0.003	0.007	0.002	0.001	0.000
airport-milan-1172-45409	shopping_mall	airport	0.246	0.031	0.045	0.128	0.011	0.081	0.322	0.020	0.046	0.070
airport-milan-1172-45420	airport	airport	0.969	0.000	0.000	0.000	0.001	0.001	0.027	0.001	0.001	0.000
airport-milan-1172-45490	airport	airport	0.897	0.000	0.001	0.002	0.001	0.038	0.051	0.006	0.004	0.001
airport-milan-1172-45505	airport	airport	0.992	0.000	0.000	0.000	0.000	0.000	0.006	0.000	0.000	0.000
airport-milan-1172-45645	airport	airport	0.994	0.000	0.000	0.000	0.000	0.002	0.003	0.001	0.000	0.000
airport-milan-1172-45710	airport	airport	0.976	0.000	0.000	0.000	0.001	0.004	0.016	0.000	0.002	0.000
airport-milan-1172-45738	airport	airport	0.983	0.000	0.000	0.000	0.000	0.001	0.014	0.000	0.001	0.000
airport-paris-206-6237	airport	airport	0.686	0.009	0.008	0.059	0.008	0.064	0.056	0.063	0.036	0.012
airport-paris-206-6238	airport	airport	0.490	0.021	0.010	0.049	0.010	0.182	0.049	0.102	0.074	0.014
airport-paris-206-6239	airport	airport	0.244	0.031	0.037	0.226	0.021	0.115	0.085	0.065	0.097	0.080
airport-paris-206-6240	tram	airport	0.150	0.027	0.108	0.172	0.017	0.085	0.123	0.074	0.068	0.175
airport-paris-206-6241	metro_station	airport	0.053	0.015	0.007	0.759	0.006	0.018	0.011	0.045	0.042	0.045
airport-paris-206-6242	airport	airport	0.309	0.027	0.027	0.133	0.016	0.115	0.105	0.150	0.074	0.044
airport-paris-206-6243	airport	airport	0.442	0.030	0.033	0.061	0.022	0.052	0.037	0.122	0.105	0.096
airport-paris-206-6244	metro_station	airport	0.100	0.011	0.008	0.667	0.007	0.022	0.015	0.060	0.041	0.070
airport-paris-206-6245	airport	airport	0.445	0.035	0.030	0.050	0.013	0.155	0.056	0.041	0.156	0.017
airport-paris-206-6246	airport	airport	0.607	0.030	0.026	0.055	0.022	0.058	0.039	0.050	0.065	0.048
airport-paris-206-6247	street_traffic	airport	0.137	0.056	0.021	0.033	0.012	0.138	0.010	0.097	0.459	0.037
airport-paris-206-6248	airport	airport	0.301	0.020	0.026	0.227	0.015	0.111	0.079	0.135	0.053	0.033
airport-paris-206-6249	airport	airport	0.543	0.024	0.022	0.047	0.016	0.048	0.036	0.119	0.105	0.040
airport-paris-206-6250	metro_station	airport	0.046	0.009	0.009	0.804	0.006	0.014	0.012	0.037	0.029	0.034
airport-paris-206-6251	metro_station	airport	0.084	0.019	0.010	0.510	0.010	0.086	0.011	0.109	0.124	0.036
airport-paris-206-6252	metro_station	airport	0.151	0.042	0.111	0.212	0.022	0.056	0.197	0.053	0.087	0.068
airport-paris-206-6253	metro_station	airport	0.057	0.014	0.009	0.719	0.008	0.021	0.016	0.055	0.041	0.060
airport-paris-206-6254	airport	airport	0.327	0.024	0.021	0.106	0.013	0.109	0.155	0.174	0.044	0.025
airport-paris-206-6255	street_pedestrian	airport	0.194	0.126	0.025	0.027	0.020	0.097	0.014	0.254	0.202	0.040
airport-paris-206-6256	street_traffic	airport	0.152	0.096	0.036	0.040	0.018	0.089	0.016	0.068	0.422	0.064
airport-paris-206-6257	metro_station	airport	0.055	0.010	0.005	0.763	0.006	0.021	0.012	0.064	0.024	0.040
airport-paris-206-6258	airport	airport	0.401	0.024	0.013	0.101	0.011	0.141	0.039	0.083	0.162	0.024
airport-paris-206-6259	street_traffic	airport	0.141	0.149	0.042	0.063	0.019	0.075	0.018	0.102	0.321	0.070
airport-paris-206-6260	airport	airport	0.324	0.047	0.015	0.066	0.017	0.141	0.016	0.243	0.046	0.086
airport-paris-206-6261	metro_station	airport	0.048	0.036	0.016	0.658	0.010	0.031	0.014	0.050	0.063	0.074
airport-paris-206-6262	metro_station	airport	0.042	0.013	0.008	0.782	0.007	0.028	0.009	0.056	0.032	0.022
airport-paris-206-6263	metro_station	airport	0.040	0.036	0.021	0.576	0.013	0.056	0.011	0.045	0.119	0.083
airport-paris-206-6264	airport	airport	0.527	0.019	0.018	0.035	0.015	0.099	0.018	0.122	0.102	0.045
airport-paris-206-6265	airport	airport	0.675	0.013	0.014	0.042	0.015	0.049	0.023	0.081	0.055	0.034
airport-paris-206-6266	metro_station	airport	0.056	0.028	0.016	0.591	0.011	0.063	0.010	0.047	0.126	0.053
airport-paris-206-6267	street_traffic	airport	0.092	0.027	0.019	0.019	0.008	0.067	0.008	0.038	0.702	0.019
airport-paris-206-6268	metro_station	airport	0.068	0.012	0.014	0.690	0.007	0.016	0.030	0.030	0.071	0.061
airport-paris-206-6269	metro_station	airport	0.058	0.024	0.014	0.562	0.011	0.073	0.010	0.048	0.145	0.053
airport-paris-206-6270	metro_station	airport	0.019	0.165	0.042	0.472	0.013	0.026	0.012	0.023	0.123	0.106
airport-paris-206-6271	street_traffic	airport	0.089	0.017	0.013	0.018	0.007	0.053	0.006	0.034	0.745	0.017
airport-paris-206-6272	street_pedestrian	airport	0.192	0.046	0.030	0.135	0.015	0.184	0.056	0.198	0.087	0.056
airport-paris-206-6273	metro_station	airport	0.044	0.008	0.008	0.809	0.005	0.011	0.019	0.047	0.019	0.031
airport-paris-206-6274	metro_station	airport	0.084	0.009	0.008	0.579	0.009	0.047	0.013	0.176	0.033	0.043
airport-paris-206-6275	airport	airport	0.790	0.014	0.011	0.017	0.013	0.027	0.035	0.048	0.020	0.025
airport-paris-206-6276	metro_station	airport	0.109	0.011	0.009	0.709	0.008	0.022	0.016	0.052	0.032	0.033
airport-paris-206-6277	metro_station	airport	0.024	0.045	0.022	0.675	0.009	0.022	0.014	0.024	0.103	0.062
airport-paris-206-6278	airport	airport	0.396	0.058	0.031	0.048	0.023	0.061	0.026	0.092	0.211	0.054
airport-paris-206-6279	airport	airport	0.171	0.071	0.098	0.148	0.029	0.145	0.068	0.053	0.118	0.099
airport-paris-206-6280	airport	airport	0.248	0.085	0.029	0.103	0.019	0.186	0.043	0.118	0.111	0.058
airport-paris-206-6281	airport	airport	0.435	0.056	0.037	0.079	0.027	0.057	0.047	0.098	0.072	0.092
airport-paris-206-6282	street_pedestrian	airport	0.132	0.108	0.038	0.111	0.023	0.068	0.023	0.257	0.087	0.152
airport-prague-1173-44104	airport	airport	0.996	0.000	0.000	0.000	0.000	0.001	0.003	0.000	0.000	0.000
airport-prague-1173-44309	airport	airport	0.989	0.000	0.000	0.001	0.001	0.001	0.008	0.000	0.001	0.000
airport-prague-1173-44354	airport	airport	0.997	0.000	0.000	0.000	0.000	0.000	0.002	0.000	0.000	0.000
airport-prague-1173-44397	airport	airport	0.986	0.000	0.000	0.000	0.000	0.000	0.012	0.000	0.000	0.000
airport-prague-1173-44425	airport	airport	0.981	0.000	0.000	0.001	0.001	0.001	0.015	0.001	0.000	0.000
airport-prague-1173-44592	airport	airport	0.916	0.000	0.001	0.001	0.001	0.001	0.076	0.001	0.001	0.000
airport-prague-1173-44620	airport	airport	0.981	0.000	0.000	0.000	0.000	0.000	0.017	0.000	0.000	0.000
airport-prague-1173-44705	airport	airport	0.974	0.000	0.001	0.001	0.002	0.001	0.018	0.002	0.001	0.000
airport-prague-1173-44800	airport	airport	0.988	0.000	0.000	0.000	0.001	0.001	0.009	0.000	0.000	0.000
airport-prague-1173-44812	airport	airport	0.985	0.000	0.000	0.000	0.000	0.006	0.008	0.000	0.000	0.000
airport-prague-1173-44843	airport	airport	0.994	0.000	0.000	0.000	0.000	0.002	0.003	0.000	0.000	0.000
airport-prague-1173-44938	airport	airport	0.979	0.000	0.000	0.001	0.001	0.002	0.015	0.001	0.001	0.000
airport-prague-1173-44997	airport	airport	0.995	0.000	0.000	0.000	0.000	0.000	0.004	0.000	0.000	0.000
airport-prague-1173-45032	airport	airport	0.995	0.000	0.000	0.000	0.000	0.000	0.004	0.000	0.000	0.000
airport-prague-1173-45158	airport	airport	0.937	0.000	0.001	0.001	0.001	0.001	0.058	0.000	0.001	0.000
airport-prague-1173-45201	airport	airport	0.997	0.000	0.000	0.000	0.000	0.000	0.002	0.000	0.000	0.000
airport-prague-1173-45299	airport	airport	0.995	0.000	0.000	0.000	0.000	0.000	0.004	0.000	0.000	0.000
airport-prague-1173-45336	airport	airport	0.998	0.000	0.000	0.000	0.000	0.000	0.002	0.000	0.000	0.000
airport-prague-1173-45405	airport	airport	0.995	0.000	0.000	0.000	0.000	0.000	0.004	0.000	0.000	0.000
airport-prague-1173-45485	airport	airport	0.996	0.000	0.000	0.000	0.000	0.000	0.003	0.000	0.000	0.000
airport-prague-1173-45640	airport	airport	0.993	0.000	0.000	0.000	0.000	0.001	0.005	0.000	0.000	0.000
airport-prague-1173-45679	airport	airport	0.923	0.000	0.001	0.003	0.002	0.002	0.067	0.001	0.001	0.000
airport-prague-1173-45722	airport	airport	0.997	0.000	0.000	0.000	0.000	0.000	0.002	0.000	0.000	0.000
airport-prague-1173-45742	airport	airport	0.997	0.000	0.000	0.000	0.000	0.000	0.002	0.000	0.000	0.000
airport-prague-1195-44142	airport	airport	0.976	0.000	0.000	0.001	0.001	0.001	0.020	0.000	0.000	0.000
airport-prague-1195-44149	airport	airport	0.929	0.001	0.003	0.003	0.004	0.001	0.049	0.006	0.003	0.001
airport-prague-1195-44169	shopping_mall	airport	0.306	0.003	0.006	0.060	0.004	0.004	0.594	0.013	0.007	0.002
airport-prague-1195-44218	airport	airport	0.963	0.000	0.001	0.000	0.001	0.000	0.032	0.001	0.001	0.000
airport-prague-1195-44333	shopping_mall	airport	0.448	0.001	0.005	0.005	0.003	0.001	0.527	0.005	0.004	0.001
airport-prague-1195-44426	airport	airport	0.933	0.001	0.001	0.005	0.002	0.004	0.049	0.003	0.002	0.000
airport-prague-1195-44435	airport	airport	0.825	0.002	0.003	0.014	0.004	0.013	0.126	0.007	0.005	0.001
airport-prague-1195-44824	airport	airport	0.967	0.000	0.000	0.001	0.001	0.001	0.027	0.001	0.001	0.000
airport-prague-1195-44928	airport	airport	0.829	0.001	0.005	0.005	0.004	0.001	0.144	0.008	0.003	0.001
airport-prague-1195-44947	airport	airport	0.982	0.000	0.000	0.000	0.001	0.001	0.015	0.000	0.000	0.000
airport-prague-1195-45063	airport	airport	0.927	0.001	0.001	0.007	0.002	0.002	0.057	0.002	0.001	0.000
airport-prague-1195-45065	airport	airport	0.813	0.001	0.004	0.017	0.005	0.003	0.143	0.006	0.006	0.001
airport-prague-1195-45096	airport	airport	0.936	0.000	0.001	0.002	0.001	0.002	0.053	0.004	0.001	0.000
airport-prague-1195-45109	airport	airport	0.983	0.000	0.000	0.001	0.001	0.001	0.012	0.001	0.000	0.000
airport-prague-1195-45260	airport	airport	0.919	0.000	0.001	0.001	0.002	0.001	0.071	0.003	0.002	0.000
airport-prague-1195-45265	airport	airport	0.853	0.000	0.001	0.001	0.001	0.001	0.138	0.002	0.001	0.000
airport-prague-1195-45312	airport	airport	0.955	0.000	0.001	0.001	0.001	0.000	0.040	0.001	0.001	0.000
airport-prague-1195-45537	airport	airport	0.882	0.001	0.002	0.005	0.003	0.002	0.099	0.004	0.002	0.000
airport-prague-1195-45597	airport	airport	0.809	0.001	0.004	0.007	0.005	0.002	0.152	0.011	0.007	0.001
airport-prague-1195-45657	airport	airport	0.884	0.001	0.005	0.003	0.004	0.001	0.088	0.008	0.004	0.001
airport-prague-1195-45704	shopping_mall	airport	0.396	0.002	0.010	0.005	0.005	0.001	0.560	0.012	0.007	0.002
airport-prague-1195-45749	airport	airport	0.984	0.000	0.000	0.001	0.001	0.001	0.012	0.001	0.000	0.000
airport-prague-1195-45752	airport	airport	0.923	0.001	0.003	0.003	0.004	0.001	0.051	0.009	0.003	0.001
airport-prague-1195-45754	airport	airport	0.923	0.000	0.001	0.006	0.001	0.001	0.064	0.001	0.001	0.000
airport-stockholm-208-6315	airport	airport	0.651	0.002	0.004	0.057	0.004	0.004	0.237	0.034	0.005	0.001
airport-stockholm-208-6316	airport	airport	0.789	0.000	0.003	0.002	0.001	0.000	0.203	0.001	0.001	0.000
airport-stockholm-208-6317	airport	airport	0.916	0.001	0.002	0.019	0.002	0.005	0.034	0.017	0.003	0.001
airport-stockholm-208-6318	airport	airport	0.959	0.000	0.001	0.002	0.000	0.000	0.037	0.000	0.000	0.000
airport-stockholm-208-6319	airport	airport	0.699	0.005	0.006	0.058	0.007	0.010	0.130	0.074	0.009	0.003
airport-stockholm-208-6320	airport	airport	0.664	0.001	0.004	0.049	0.003	0.002	0.264	0.008	0.005	0.001
airport-stockholm-208-6321	airport	airport	0.962	0.000	0.002	0.003	0.002	0.002	0.023	0.005	0.002	0.000
airport-stockholm-208-6322	airport	airport	0.923	0.000	0.001	0.004	0.000	0.000	0.071	0.000	0.000	0.000
airport-stockholm-208-6323	airport	airport	0.960	0.000	0.001	0.004	0.001	0.002	0.023	0.008	0.001	0.000
airport-stockholm-208-6324	airport	airport	0.977	0.000	0.001	0.001	0.000	0.000	0.019	0.000	0.000	0.000
airport-stockholm-208-6325	airport	airport	0.966	0.000	0.001	0.002	0.000	0.000	0.031	0.000	0.000	0.000
airport-stockholm-208-6326	airport	airport	0.878	0.000	0.002	0.005	0.001	0.000	0.112	0.001	0.001	0.000
airport-stockholm-208-6327	airport	airport	0.677	0.003	0.008	0.104	0.005	0.005	0.162	0.024	0.008	0.002
airport-stockholm-208-6328	airport	airport	0.858	0.000	0.003	0.004	0.000	0.000	0.134	0.001	0.001	0.000
airport-stockholm-208-6329	airport	airport	0.952	0.000	0.001	0.003	0.000	0.000	0.042	0.001	0.001	0.000
airport-stockholm-208-6330	airport	airport	0.940	0.000	0.001	0.004	0.000	0.000	0.054	0.000	0.000	0.000
airport-stockholm-208-6331	airport	airport	0.963	0.000	0.002	0.003	0.001	0.000	0.029	0.001	0.001	0.000
airport-stockholm-208-6332	airport	airport	0.945	0.000	0.001	0.002	0.000	0.000	0.051	0.000	0.000	0.000
airport-stockholm-208-6333	airport	airport	0.970	0.000	0.001	0.002	0.000	0.000	0.026	0.000	0.000	0.000
airport-stockholm-208-6334	airport	airport	0.980	0.000	0.000	0.001	0.000	0.000	0.018	0.000	0.000	0.000
airport-stockholm-208-6335	airport	airport	0.971	0.000	0.001	0.002	0.000	0.000	0.026	0.000	0.000	0.000
airport-stockholm-208-6336	airport	airport	0.729	0.002	0.003	0.060	0.003	0.003	0.184	0.011	0.005	0.001
airport-stockholm-208-6337	airport	airport	0.923	0.001	0.002	0.009	0.002	0.006	0.029	0.025	0.003	0.001
airport-stockholm-208-6338	airport	airport	0.949	0.000	0.002	0.002	0.000	0.000	0.046	0.000	0.000	0.000
airport-stockholm-208-6339	airport	airport	0.936	0.001	0.001	0.007	0.002	0.002	0.040	0.009	0.002	0.000
airport-stockholm-208-6340	airport	airport	0.971	0.000	0.000	0.001	0.000	0.000	0.026	0.000	0.000	0.000
airport-stockholm-208-6341	airport	airport	0.842	0.000	0.002	0.005	0.001	0.000	0.147	0.002	0.001	0.000
airport-stockholm-208-6342	airport	airport	0.966	0.000	0.001	0.002	0.000	0.000	0.030	0.000	0.000	0.000
airport-stockholm-208-6343	airport	airport	0.938	0.001	0.001	0.009	0.002	0.003	0.033	0.009	0.002	0.000
airport-stockholm-208-6344	airport	airport	0.527	0.002	0.007	0.046	0.003	0.002	0.399	0.008	0.006	0.001
airport-stockholm-208-6345	airport	airport	0.574	0.002	0.005	0.034	0.003	0.004	0.343	0.027	0.007	0.001
airport-stockholm-208-6346	airport	airport	0.944	0.000	0.001	0.005	0.000	0.000	0.048	0.001	0.001	0.000
bus-barcelona-210-6387	tram	bus	0.002	0.025	0.017	0.007	0.003	0.003	0.001	0.003	0.001	0.938
bus-barcelona-210-6388	tram	bus	0.000	0.090	0.008	0.002	0.001	0.001	0.001	0.001	0.001	0.896
bus-barcelona-210-6389	tram	bus	0.002	0.353	0.027	0.002	0.005	0.002	0.003	0.001	0.003	0.603
bus-barcelona-210-6390	tram	bus	0.001	0.248	0.012	0.003	0.003	0.002	0.002	0.002	0.001	0.726
bus-barcelona-210-6391	bus	bus	0.003	0.550	0.067	0.006	0.008	0.005	0.009	0.004	0.006	0.342
bus-barcelona-210-6392	bus	bus	0.002	0.870	0.037	0.004	0.005	0.003	0.007	0.002	0.004	0.066
bus-barcelona-210-6393	bus	bus	0.010	0.471	0.281	0.015	0.012	0.016	0.023	0.005	0.032	0.136
bus-barcelona-210-6394	tram	bus	0.015	0.103	0.250	0.015	0.015	0.024	0.010	0.005	0.009	0.555
bus-barcelona-210-6395	bus	bus	0.000	0.917	0.004	0.000	0.001	0.000	0.000	0.000	0.001	0.075
bus-barcelona-210-6396	tram	bus	0.000	0.056	0.008	0.002	0.001	0.001	0.001	0.001	0.001	0.929
bus-barcelona-210-6397	bus	bus	0.001	0.939	0.025	0.002	0.002	0.001	0.003	0.001	0.001	0.025
bus-barcelona-210-6398	tram	bus	0.001	0.327	0.009	0.006	0.003	0.003	0.002	0.002	0.003	0.643
bus-barcelona-210-6399	bus	bus	0.009	0.611	0.144	0.017	0.012	0.012	0.031	0.005	0.012	0.148
bus-barcelona-210-6400	bus	bus	0.002	0.566	0.076	0.004	0.005	0.004	0.004	0.002	0.006	0.331
bus-barcelona-210-6401	bus	bus	0.021	0.551	0.194	0.028	0.039	0.012	0.042	0.009	0.024	0.080
bus-barcelona-210-6402	bus	bus	0.002	0.663	0.059	0.005	0.006	0.003	0.007	0.003	0.003	0.248
bus-barcelona-210-6403	bus	bus	0.006	0.725	0.123	0.012	0.008	0.006	0.020	0.004	0.010	0.086
bus-barcelona-210-6404	bus	bus	0.004	0.615	0.041	0.009	0.011	0.006	0.008	0.005	0.005	0.296
bus-barcelona-210-6405	tram	bus	0.000	0.132	0.006	0.002	0.001	0.001	0.001	0.001	0.001	0.856
bus-barcelona-210-6406	bus	bus	0.010	0.554	0.246	0.011	0.014	0.009	0.015	0.004	0.010	0.129
bus-barcelona-210-6407	bus	bus	0.000	0.504	0.009	0.002	0.001	0.001	0.001	0.001	0.001	0.479
bus-barcelona-210-6408	bus	bus	0.004	0.895	0.032	0.004	0.008	0.006	0.005	0.002	0.007	0.037
bus-barcelona-210-6409	bus	bus	0.001	0.968	0.015	0.001	0.002	0.001	0.002	0.000	0.002	0.006
bus-barcelona-210-6410	bus	bus	0.000	0.856	0.007	0.001	0.001	0.001	0.001	0.000	0.001	0.131
bus-barcelona-210-6411	tram	bus	0.000	0.015	0.004	0.001	0.001	0.000	0.000	0.000	0.000	0.978
bus-barcelona-210-6412	tram	bus	0.001	0.128	0.021	0.002	0.004	0.001	0.002	0.001	0.001	0.840
bus-barcelona-210-6413	bus	bus	0.001	0.541	0.035	0.002	0.003	0.002	0.002	0.001	0.003	0.410
bus-barcelona-210-6414	bus	bus	0.001	0.764	0.034	0.004	0.004	0.003	0.003	0.001	0.004	0.181
bus-barcelona-210-6415	bus	bus	0.003	0.786	0.070	0.006	0.005	0.004	0.006	0.002	0.004	0.113
bus-barcelona-210-6416	bus	bus	0.003	0.782	0.053	0.005	0.006	0.003	0.010	0.003	0.004	0.131
bus-barcelona-210-6417	bus	bus	0.003	0.818	0.035	0.004	0.005	0.006	0.007	0.002	0.003	0.118
bus-barcelona-210-6418	tram	bus	0.001	0.237	0.016	0.003	0.004	0.002	0.002	0.002	0.001	0.731
bus-barcelona-210-6419	tram	bus	0.001	0.353	0.016	0.002	0.003	0.002	0.002	0.001	0.002	0.618
bus-barcelona-210-6420	bus	bus	0.001	0.907	0.017	0.003	0.004	0.002	0.005	0.002	0.003	0.056
bus-barcelona-210-6421	bus	bus	0.002	0.480	0.107	0.006	0.006	0.005	0.008	0.003	0.007	0.375
bus-barcelona-210-6422	bus	bus	0.003	0.726	0.052	0.005	0.007	0.005	0.005	0.003	0.004	0.189
bus-helsinki-211-6424	bus	bus	0.001	0.922	0.029	0.004	0.003	0.002	0.007	0.002	0.012	0.018
bus-helsinki-211-6425	bus	bus	0.002	0.775	0.017	0.003	0.008	0.003	0.002	0.002	0.004	0.183
bus-helsinki-211-6426	bus	bus	0.000	0.992	0.001	0.000	0.001	0.000	0.001	0.000	0.001	0.002
bus-helsinki-211-6427	bus	bus	0.004	0.687	0.050	0.005	0.011	0.006	0.008	0.005	0.010	0.215
bus-helsinki-211-6428	bus	bus	0.002	0.911	0.029	0.005	0.005	0.003	0.008	0.003	0.017	0.019
bus-helsinki-211-6429	tram	bus	0.005	0.350	0.160	0.013	0.010	0.007	0.018	0.006	0.024	0.407
bus-helsinki-211-6430	bus	bus	0.000	0.992	0.002	0.000	0.001	0.000	0.001	0.000	0.001	0.003
bus-helsinki-211-6431	bus	bus	0.001	0.549	0.022	0.002	0.004	0.002	0.002	0.001	0.003	0.413
bus-helsinki-211-6433	bus	bus	0.000	0.982	0.003	0.001	0.002	0.001	0.001	0.001	0.002	0.007
bus-helsinki-211-6434	bus	bus	0.001	0.880	0.011	0.002	0.002	0.002	0.003	0.001	0.004	0.093
bus-helsinki-211-6435	bus	bus	0.001	0.960	0.008	0.003	0.002	0.001	0.003	0.001	0.003	0.018
bus-helsinki-211-6436	bus	bus	0.001	0.979	0.005	0.001	0.002	0.001	0.001	0.001	0.003	0.006
bus-helsinki-211-6437	tram	bus	0.004	0.258	0.077	0.010	0.008	0.007	0.007	0.005	0.010	0.615
bus-helsinki-211-6438	bus	bus	0.001	0.960	0.020	0.002	0.002	0.001	0.004	0.000	0.003	0.005
bus-helsinki-211-6439	bus	bus	0.003	0.531	0.044	0.007	0.009	0.007	0.006	0.005	0.009	0.381
bus-helsinki-211-6440	bus	bus	0.002	0.805	0.028	0.003	0.007	0.003	0.005	0.002	0.006	0.139
bus-helsinki-211-6442	bus	bus	0.001	0.929	0.028	0.004	0.003	0.002	0.008	0.002	0.010	0.014
bus-helsinki-211-6443	bus	bus	0.002	0.931	0.005	0.002	0.009	0.003	0.001	0.002	0.003	0.043
bus-helsinki-211-6444	bus	bus	0.001	0.953	0.004	0.003	0.002	0.002	0.002	0.002	0.002	0.029
bus-helsinki-211-6445	tram	bus	0.006	0.224	0.300	0.011	0.012	0.011	0.017	0.005	0.027	0.386
bus-helsinki-211-6448	bus	bus	0.003	0.596	0.030	0.005	0.011	0.004	0.004	0.004	0.005	0.339
bus-helsinki-211-6449	bus	bus	0.001	0.962	0.008	0.003	0.003	0.002	0.003	0.001	0.002	0.017
bus-helsinki-211-6450	bus	bus	0.001	0.925	0.005	0.001	0.003	0.002	0.001	0.001	0.002	0.059
bus-helsinki-211-6452	bus	bus	0.002	0.786	0.023	0.007	0.007	0.004	0.006	0.004	0.008	0.152
bus-helsinki-211-6453	bus	bus	0.001	0.984	0.003	0.001	0.002	0.001	0.001	0.001	0.002	0.006
bus-helsinki-211-6454	bus	bus	0.000	0.995	0.001	0.000	0.001	0.000	0.000	0.000	0.001	0.001
bus-helsinki-211-6455	bus	bus	0.000	0.993	0.001	0.000	0.001	0.000	0.001	0.000	0.001	0.002
bus-helsinki-211-6457	bus	bus	0.001	0.943	0.022	0.003	0.003	0.001	0.005	0.001	0.008	0.013
bus-helsinki-211-6458	bus	bus	0.001	0.977	0.003	0.001	0.003	0.001	0.002	0.001	0.003	0.009
bus-helsinki-211-6459	bus	bus	0.003	0.848	0.036	0.017	0.007	0.005	0.014	0.006	0.009	0.055
bus-helsinki-211-6460	bus	bus	0.002	0.751	0.025	0.006	0.006	0.004	0.006	0.004	0.006	0.190
bus-helsinki-211-6461	bus	bus	0.002	0.897	0.022	0.002	0.006	0.002	0.003	0.002	0.006	0.059
bus-helsinki-211-6464	bus	bus	0.001	0.985	0.002	0.001	0.001	0.001	0.001	0.001	0.002	0.006
bus-helsinki-211-6465	bus	bus	0.001	0.934	0.010	0.002	0.004	0.002	0.003	0.002	0.003	0.038
bus-helsinki-211-6466	bus	bus	0.001	0.971	0.006	0.002	0.004	0.001	0.002	0.002	0.005	0.007
bus-lisbon-1212-44206	bus	bus	0.003	0.543	0.025	0.005	0.004	0.006	0.004	0.002	0.005	0.404
bus-lisbon-1212-44271	bus	bus	0.001	0.939	0.006	0.002	0.003	0.002	0.002	0.001	0.002	0.042
bus-lisbon-1212-44366	bus	bus	0.000	0.969	0.007	0.001	0.001	0.001	0.002	0.000	0.003	0.015
bus-lisbon-1212-44406	bus	bus	0.001	0.891	0.010	0.003	0.005	0.004	0.002	0.001	0.003	0.080
bus-lisbon-1212-44414	bus	bus	0.007	0.677	0.049	0.009	0.008	0.008	0.008	0.005	0.022	0.207
bus-lisbon-1212-44463	bus	bus	0.001	0.895	0.013	0.003	0.003	0.002	0.003	0.001	0.003	0.076
bus-lisbon-1212-44498	bus	bus	0.000	0.960	0.006	0.001	0.002	0.001	0.001	0.001	0.001	0.026
bus-lisbon-1212-44531	bus	bus	0.001	0.896	0.006	0.002	0.003	0.002	0.002	0.001	0.001	0.086
bus-lisbon-1212-45080	bus	bus	0.000	0.950	0.005	0.001	0.001	0.001	0.001	0.000	0.001	0.040
bus-lisbon-1212-45457	bus	bus	0.005	0.790	0.026	0.012	0.005	0.005	0.010	0.003	0.006	0.139
bus-lisbon-1212-45534	tram	bus	0.003	0.422	0.025	0.005	0.004	0.006	0.004	0.002	0.005	0.525
bus-lisbon-1212-45548	bus	bus	0.001	0.944	0.012	0.002	0.003	0.003	0.003	0.001	0.006	0.024
bus-lisbon-1212-45601	bus	bus	0.000	0.988	0.003	0.001	0.001	0.001	0.001	0.000	0.001	0.005
bus-lisbon-1212-45715	bus	bus	0.001	0.766	0.017	0.003	0.002	0.002	0.002	0.001	0.002	0.204
bus-lisbon-1223-44393	bus	bus	0.000	0.966	0.012	0.002	0.001	0.001	0.001	0.000	0.001	0.015
bus-lisbon-1223-44407	bus	bus	0.000	0.982	0.004	0.001	0.001	0.001	0.001	0.000	0.001	0.009
bus-lisbon-1223-44429	bus	bus	0.000	0.907	0.007	0.004	0.001	0.001	0.003	0.001	0.001	0.075
bus-lisbon-1223-44483	bus	bus	0.001	0.859	0.063	0.005	0.002	0.002	0.003	0.001	0.002	0.061
bus-lisbon-1223-44593	bus	bus	0.000	0.972	0.023	0.000	0.001	0.000	0.001	0.000	0.001	0.002
bus-lisbon-1223-44619	bus	bus	0.000	0.956	0.034	0.001	0.001	0.000	0.002	0.000	0.001	0.004
bus-lisbon-1223-44695	bus	bus	0.000	0.977	0.005	0.003	0.001	0.001	0.001	0.000	0.001	0.012
bus-lisbon-1223-44799	bus	bus	0.000	0.989	0.003	0.001	0.001	0.000	0.000	0.000	0.000	0.004
bus-lisbon-1223-45057	bus	bus	0.001	0.929	0.033	0.005	0.002	0.002	0.003	0.001	0.002	0.023
bus-lisbon-1223-45220	bus	bus	0.001	0.927	0.015	0.008	0.002	0.002	0.003	0.001	0.001	0.041
bus-lisbon-1223-45244	bus	bus	0.001	0.875	0.063	0.015	0.002	0.002	0.004	0.001	0.002	0.035
bus-lisbon-1223-45639	bus	bus	0.001	0.908	0.037	0.007	0.002	0.002	0.002	0.001	0.002	0.039
bus-lisbon-1223-45689	bus	bus	0.002	0.821	0.072	0.014	0.004	0.006	0.008	0.002	0.004	0.066
bus-lisbon-1226-44491	bus	bus	0.000	0.602	0.005	0.004	0.001	0.001	0.001	0.001	0.001	0.384
bus-lisbon-1226-44523	tram	bus	0.001	0.256	0.014	0.005	0.001	0.002	0.001	0.002	0.001	0.716
bus-lisbon-1226-44601	bus	bus	0.002	0.592	0.028	0.001	0.004	0.002	0.001	0.001	0.004	0.364
bus-lisbon-1226-44607	bus	bus	0.000	0.937	0.002	0.001	0.001	0.001	0.000	0.001	0.001	0.056
bus-lisbon-1226-44871	bus	bus	0.000	0.980	0.001	0.000	0.000	0.000	0.000	0.000	0.000	0.017
bus-lisbon-1226-45035	bus	bus	0.001	0.684	0.018	0.001	0.003	0.001	0.001	0.001	0.002	0.288
bus-lisbon-1226-45078	tram	bus	0.000	0.321	0.007	0.001	0.001	0.001	0.000	0.001	0.001	0.667
bus-lisbon-1226-45085	bus	bus	0.001	0.444	0.199	0.002	0.005	0.002	0.003	0.001	0.003	0.341
bus-lisbon-1226-45095	bus	bus	0.000	0.806	0.010	0.001	0.000	0.001	0.000	0.000	0.001	0.181
bus-lisbon-1226-45100	bus	bus	0.000	0.891	0.013	0.001	0.001	0.001	0.000	0.000	0.001	0.092
bus-lisbon-1226-45496	tram	bus	0.000	0.311	0.011	0.004	0.001	0.001	0.001	0.001	0.001	0.669
bus-lisbon-1226-45544	tram	bus	0.000	0.323	0.319	0.001	0.002	0.000	0.001	0.000	0.001	0.353
bus-lisbon-1226-45632	tram	bus	0.000	0.028	0.002	0.000	0.000	0.000	0.000	0.000	0.000	0.968
bus-lisbon-1226-45756	bus	bus	0.000	0.697	0.005	0.003	0.002	0.002	0.001	0.001	0.002	0.287
bus-lyon-1177-44109	bus	bus	0.000	0.978	0.004	0.000	0.001	0.000	0.000	0.000	0.000	0.016
bus-lyon-1177-44129	bus	bus	0.000	0.980	0.008	0.000	0.001	0.000	0.000	0.000	0.000	0.008
bus-lyon-1177-44159	bus	bus	0.000	0.977	0.012	0.000	0.002	0.000	0.000	0.000	0.001	0.008
bus-lyon-1177-44178	bus	bus	0.000	0.981	0.002	0.000	0.001	0.001	0.000	0.000	0.000	0.014
bus-lyon-1177-44264	tram	bus	0.004	0.417	0.013	0.003	0.008	0.005	0.001	0.003	0.002	0.542
bus-lyon-1177-44268	bus	bus	0.001	0.964	0.009	0.001	0.002	0.001	0.001	0.000	0.001	0.021
bus-lyon-1177-44565	bus	bus	0.001	0.928	0.009	0.000	0.001	0.001	0.000	0.000	0.001	0.058
bus-lyon-1177-44753	bus	bus	0.001	0.633	0.015	0.002	0.006	0.003	0.001	0.001	0.001	0.336
bus-lyon-1177-44874	bus	bus	0.001	0.869	0.009	0.001	0.003	0.002	0.001	0.001	0.001	0.113
bus-lyon-1177-45193	bus	bus	0.000	0.996	0.002	0.000	0.000	0.000	0.000	0.000	0.000	0.002
