aid	scene_pred	scene_label	airport	bus	metro	metro_station	park	public_square	shopping_mall	street_pedestrian	street_traffic	tram
airport-lisbon-1175-44106	shopping_mall	airport	0.215	0.000	0.000	0.017	0.000	0.009	0.748	0.010	0.000	0.000
airport-lisbon-1175-44186	shopping_mall	airport	0.152	0.000	0.000	0.096	0.000	0.002	0.748	0.002	0.000	0.000
airport-lisbon-1175-44210	shopping_mall	airport	0.228	0.000	0.000	0.000	0.000	0.001	0.771	0.000	0.000	0.000
airport-lisbon-1175-44233	shopping_mall	airport	0.077	0.000	0.000	0.000	0.000	0.000	0.922	0.000	0.000	0.000
airport-lisbon-1175-44296	shopping_mall	airport	0.079	0.000	0.000	0.000	0.000	0.000	0.920	0.000	0.000	0.000
airport-lisbon-1175-44606	shopping_mall	airport	0.415	0.000	0.000	0.004	0.000	0.002	0.576	0.002	0.000	0.000
airport-lisbon-1175-44669	airport	airport	0.925	0.000	0.000	0.001	0.000	0.017	0.047	0.009	0.000	0.000
airport-lisbon-1175-44691	airport	airport	0.763	0.000	0.000	0.006	0.000	0.002	0.228	0.002	0.000	0.000
airport-lisbon-1175-44700	airport	airport	0.788	0.000	0.000	0.001	0.000	0.101	0.056	0.054	0.000	0.000
airport-lisbon-1175-44702	airport	airport	0.967	0.000	0.000	0.003	0.000	0.000	0.029	0.000	0.000	0.000
airport-lisbon-1175-44703	shopping_mall	airport	0.068	0.000	0.000	0.000	0.000	0.000	0.931	0.000	0.000	0.000
airport-lisbon-1175-44708	airport	airport	0.847	0.000	0.000	0.023	0.000	0.001	0.128	0.001	0.000	0.001
airport-lisbon-1175-44791	airport	airport	0.697	0.000	0.000	0.001	0.000	0.001	0.299	0.001	0.000	0.000
airport-lisbon-1175-44813	airport	airport	0.913	0.000	0.000	0.000	0.000	0.001	0.086	0.000	0.000	0.000
airport-lisbon-1175-44864	airport	airport	0.935	0.000	0.000	0.000	0.000	0.002	0.054	0.009	0.000	0.000
airport-lisbon-1175-44916	airport	airport	0.812	0.000	0.001	0.099	0.000	0.001	0.086	0.000	0.000	0.001
airport-lisbon-1175-44918	airport	airport	0.995	0.000	0.000	0.000	0.000	0.000	0.004	0.000	0.000	0.000
airport-lisbon-1175-45070	airport	airport	0.802	0.000	0.000	0.001	0.000	0.000	0.197	0.000	0.000	0.000
airport-lisbon-1175-45108	airport	airport	0.891	0.000	0.000	0.003	0.000	0.000	0.105	0.000	0.000	0.000
airport-lisbon-1175-45126	metro_station	airport	0.231	0.000	0.001	0.431	0.000	0.003	0.329	0.004	0.000	0.001
airport-lisbon-1175-45127	airport	airport	0.846	0.000	0.000	0.023	0.000	0.001	0.129	0.000	0.000	0.000
airport-lisbon-1175-45213	metro_station	airport	0.152	0.000	0.000	0.461	0.000	0.011	0.373	0.001	0.000	0.001
airport-lisbon-1175-45300	airport	airport	0.924	0.000	0.000	0.007	0.000	0.000	0.068	0.001	0.000	0.000
airport-lisbon-1175-45340	airport	airport	0.709	0.000	0.000	0.012	0.000	0.000	0.278	0.000	0.000	0.000
airport-lisbon-1175-45350	shopping_mall	airport	0.270	0.000	0.000	0.337	0.000	0.001	0.390	0.001	0.000	0.001
airport-lisbon-1175-45351	shopping_mall	airport	0.386	0.000	0.000	0.179	0.000	0.001	0.432	0.003	0.000	0.000
airport-lisbon-1175-45357	metro_station	airport	0.201	0.000	0.001	0.609	0.000	0.000	0.187	0.002	0.000	0.000
airport-lisbon-1175-45362	shopping_mall	airport	0.082	0.000	0.000	0.016	0.000	0.000	0.901	0.000	0.000	0.000
airport-lisbon-1175-45450	shopping_mall	airport	0.246	0.000	0.001	0.145	0.000	0.005	0.599	0.003	0.000	0.001
airport-lisbon-1175-45451	airport	airport	0.974	0.000	0.000	0.001	0.000	0.001	0.024	0.000	0.000	0.000
airport-lisbon-1175-45539	airport	airport	0.918	0.000	0.000	0.036	0.000	0.001	0.044	0.001	0.000	0.000
airport-lisbon-1175-45585	shopping_mall	airport	0.067	0.000	0.000	0.002	0.000	0.001	0.929	0.002	0.000	0.000
airport-lisbon-1175-45593	airport	airport	0.387	0.000	0.000	0.220	0.000	0.002	0.384	0.006	0.000	0.000
airport-lisbon-1175-45692	shopping_mall	airport	0.205	0.000	0.000	0.342	0.000	0.001	0.447	0.004	0.000	0.000
airport-lisbon-1175-45707	shopping_mall	airport	0.135	0.000	0.000	0.003	0.000	0.000	0.861	0.001	0.000	0.000
airport-lisbon-1175-45732	airport	airport	0.993	0.000	0.000	0.000	0.000	0.002	0.005	0.000	0.000	0.000
airport-london-205-6178	shopping_mall	airport	0.170	0.000	0.001	0.061	0.000	0.007	0.751	0.011	0.000	0.000
airport-london-205-6179	shopping_mall	airport	0.330	0.000	0.000	0.004	0.000	0.013	0.632	0.022	0.000	0.000
airport-london-205-6180	airport	airport	0.650	0.000	0.000	0.006	0.000	0.009	0.325	0.011	0.000	0.000
airport-london-205-6183	airport	airport	0.861	0.000	0.000	0.002	0.000	0.017	0.070	0.049	0.000	0.000
airport-london-205-6184	airport	airport	0.611	0.000	0.000	0.005	0.000	0.053	0.197	0.133	0.000	0.000
airport-london-205-6186	airport	airport	0.501	0.000	0.000	0.005	0.000	0.003	0.483	0.008	0.000	0.000
airport-london-205-6189	airport	airport	0.648	0.000	0.046	0.110	0.001	0.039	0.083	0.064	0.000	0.008
airport-london-205-6190	airport	airport	0.571	0.000	0.000	0.006	0.000	0.008	0.379	0.035	0.000	0.000
airport-london-205-6191	shopping_mall	airport	0.085	0.000	0.000	0.008	0.000	0.002	0.900	0.005	0.000	0.000
airport-london-205-6192	airport	airport	0.833	0.000	0.000	0.005	0.000	0.006	0.134	0.022	0.000	0.000
airport-london-205-6193	airport	airport	0.612	0.000	0.000	0.094	0.000	0.036	0.001	0.256	0.000	0.000
airport-london-205-6194	airport	airport	0.656	0.000	0.001	0.204	0.000	0.004	0.082	0.052	0.000	0.000
airport-london-205-6195	airport	airport	0.803	0.000	0.000	0.009	0.000	0.020	0.071	0.098	0.000	0.000
airport-london-205-6197	airport	airport	0.687	0.000	0.000	0.022	0.000	0.025	0.071	0.195	0.000	0.000
airport-london-205-6199	shopping_mall	airport	0.155	0.000	0.000	0.001	0.000	0.003	0.829	0.011	0.000	0.000
airport-london-205-6200	airport	airport	0.439	0.000	0.000	0.020	0.000	0.036	0.383	0.122	0.000	0.000
airport-london-205-6202	airport	airport	0.825	0.000	0.000	0.004	0.000	0.018	0.121	0.032	0.000	0.000
airport-london-205-6203	street_pedestrian	airport	0.201	0.000	0.000	0.006	0.000	0.080	0.003	0.709	0.001	0.000
airport-london-205-6204	airport	airport	0.715	0.000	0.001	0.015	0.000	0.034	0.219	0.015	0.000	0.000
airport-london-205-6206	airport	airport	0.461	0.000	0.000	0.008	0.000	0.014	0.455	0.062	0.000	0.000
airport-london-205-6207	airport	airport	0.877	0.000	0.000	0.003	0.000	0.014	0.075	0.030	0.000	0.000
airport-london-205-6209	shopping_mall	airport	0.254	0.000	0.000	0.008	0.000	0.004	0.728	0.005	0.000	0.000
airport-london-205-6210	airport	airport	0.486	0.000	0.000	0.011	0.000	0.071	0.366	0.066	0.000	0.000
airport-london-205-6211	airport	airport	0.490	0.000	0.000	0.010	0.000	0.030	0.314	0.155	0.000	0.000
airport-london-205-6212	shopping_mall	airport	0.251	0.000	0.000	0.004	0.000	0.007	0.727	0.010	0.000	0.000
airport-london-205-6213	street_pedestrian	airport	0.264	0.000	0.000	0.005	0.000	0.103	0.030	0.598	0.000	0.000
airport-london-205-6214	airport	airport	0.799	0.000	0.001	0.028	0.000	0.021	0.115	0.036	0.000	0.000
airport-london-205-6215	shopping_mall	airport	0.164	0.000	0.000	0.023	0.000	0.002	0.807	0.003	0.000	0.000
airport-london-205-6216	shopping_mall	airport	0.427	0.000	0.000	0.001	0.000	0.038	0.494	0.041	0.000	0.000
airport-london-205-6217	street_pedestrian	airport	0.359	0.000	0.000	0.033	0.000	0.182	0.046	0.379	0.001	0.000
airport-london-205-6219	airport	airport	0.686	0.000	0.000	0.053	0.000	0.011	0.120	0.129	0.000	0.000
airport-london-205-6220	airport	airport	0.400	0.000	0.000	0.051	0.000	0.069	0.231	0.248	0.001	0.000
airport-london-205-6222	airport	airport	0.614	0.000	0.000	0.007	0.000	0.002	0.372	0.006	0.000	0.000
airport-london-205-6223	airport	airport	0.778	0.000	0.001	0.111	0.000	0.013	0.054	0.044	0.000	0.000
airport-london-205-6224	airport	airport	0.696	0.000	0.000	0.004	0.000	0.019	0.257	0.023	0.000	0.000
airport-london-205-6225	airport	airport	0.642	0.000	0.000	0.026	0.000	0.044	0.202	0.085	0.000	0.000
airport-london-205-6226	street_pedestrian	airport	0.072	0.000	0.000	0.005	0.001	0.391	0.010	0.512	0.010	0.000
airport-london-205-6227	airport	airport	0.895	0.000	0.000	0.006	0.000	0.008	0.075	0.016	0.000	0.000
airport-london-205-6228	airport	airport	0.873	0.000	0.000	0.006	0.000	0.026	0.059	0.036	0.000	0.000
airport-london-205-6229	airport	airport	0.733	0.000	0.000	0.004	0.000	0.009	0.234	0.019	0.000	0.000
airport-london-205-6230	street_pedestrian	airport	0.251	0.000	0.000	0.027	0.000	0.101	0.002	0.618	0.000	0.000
airport-london-205-6231	shopping_mall	airport	0.253	0.000	0.000	0.006	0.000	0.001	0.734	0.006	0.000	0.000
airport-london-205-6232	airport	airport	0.920	0.000	0.000	0.002	0.000	0.025	0.011	0.042	0.000	0.000
airport-london-205-6233	airport	airport	0.834	0.000	0.000	0.001	0.000	0.004	0.135	0.026	0.000	0.000
airport-london-205-6234	airport	airport	0.650	0.000	0.001	0.019	0.000	0.141	0.157	0.030	0.001	0.001
airport-london-205-6235	street_pedestrian	airport	0.406	0.000	0.000	0.052	0.000	0.064	0.011	0.467	0.000	0.000
airport-london-205-6236	airport	airport	0.500	0.000	0.000	0.018	0.000	0.096	0.026	0.359	0.000	0.000
airport-lyon-1169-44100	airport	airport	1.000	0.000	0.000	0.000	0.000	0.000	0.000	0.000	0.000	0.000
airport-lyon-1169-44127	shopping_mall	airport	0.475	0.000	0.000	0.007	0.000	0.000	0.517	0.000	0.000	0.000
airport-lyon-1169-44227	airport	airport	0.998	0.000	0.000	0.000	0.000	0.000	0.002	0.000	0.000	0.000
airport-lyon-1169-44279	shopping_mall	airport	0.059	0.000	0.000	0.011	0.000	0.000	0.929	0.000	0.000	0.000
airport-lyon-1169-44283	airport	airport	1.000	0.000	0.000	0.000	0.000	0.000	0.000	0.000	0.000	0.000
airport-lyon-1169-44314	shopping_mall	airport	0.474	0.000	0.000	0.002	0.000	0.000	0.523	0.000	0.000	0.000
airport-lyon-1169-44321	airport	airport	0.627	0.000	0.001	0.077	0.000	0.000	0.296	0.001	0.000	0.000
airport-lyon-1169-44330	airport	airport	0.993	0.000	0.000	0.000	0.000	0.000	0.007	0.000	0.000	0.000
airport-lyon-1169-44348	shopping_mall	airport	0.103	0.000	0.000	0.001	0.000	0.000	0.896	0.000	0.000	0.000
airport-lyon-1169-44351	airport	airport	0.968	0.000	0.000	0.000	0.000	0.000	0.032	0.000	0.000	0.000
airport-lyon-1169-44363	airport	airport	0.797	0.000	0.003	0.085	0.000	0.000	0.112	0.002	0.000	0.001
airport-lyon-1169-44387	airport	airport	0.805	0.000	0.000	0.000	0.000	0.000	0.195	0.000	0.000	0.000
airport-lyon-1169-44430	airport	airport	1.000	0.000	0.000	0.000	0.000	0.000	0.000	0.000	0.000	0.000
airport-lyon-1169-44433	airport	airport	0.991	0.000	0.000	0.000	0.000	0.000	0.008	0.000	0.000	0.000
airport-lyon-1169-44434	airport	airport	0.980	0.000	0.000	0.001	0.000	0.000	0.020	0.000	0.000	0.000
airport-lyon-1169-44446	shopping_mall	airport	0.273	0.000	0.000	0.023	0.000	0.000	0.704	0.001	0.000	0.000
airport-lyon-1169-44486	airport	airport	0.975	0.000	0.000	0.000	0.000	0.000	0.024	0.000	0.000	0.000
airport-lyon-1169-44497	shopping_mall	airport	0.494	0.000	0.000	0.001	0.000	0.000	0.504	0.000	0.000	0.000
airport-lyon-1169-44528	airport	airport	0.998	0.000	0.000	0.001	0.000	0.000	0.001	0.000	0.000	0.000
airport-lyon-1169-44570	airport	airport	0.982	0.000	0.000	0.001	0.000	0.000	0.017	0.000	0.000	0.000
airport-lyon-1169-44738	airport	airport	1.000	0.000	0.000	0.000	0.000	0.000	0.000	0.000	0.000	0.000
airport-lyon-1169-44782	airport	airport	0.608	0.000	0.000	0.001	0.000	0.000	0.391	0.000	0.000	0.000
airport-lyon-1169-44981	airport	airport	1.000	0.000	0.000	0.000	0.000	0.000	0.000	0.000	0.000	0.000
airport-lyon-1169-45068	airport	airport	0.999	0.000	0.000	0.000	0.000	0.000	0.000	0.000	0.000	0.000
airport-lyon-1169-45129	shopping_mall	airport	0.495	0.000	0.000	0.005	0.000	0.000	0.497	0.002	0.000	0.000
airport-lyon-1169-45185	airport	airport	0.993	0.000	0.000	0.000	0.000	0.000	0.007	0.000	0.000	0.000
airport-lyon-1169-45263	airport	airport	0.982	0.000	0.000	0.000	0.000	0.000	0.018	0.000	0.000	0.000
airport-lyon-1169-45296	airport	airport	1.000	0.000	0.000	0.000	0.000	0.000	0.000	0.000	0.000	0.000
airport-lyon-1169-45396	airport	airport	1.000	0.000	0.000	0.000	0.000	0.000	0.000	0.000	0.000	0.000
airport-lyon-1169-45487	airport	airport	0.999	0.000	0.000	0.000	0.000	0.000	0.000	0.000	0.000	0.000
airport-lyon-1169-45498	airport	airport	0.999	0.000	0.000	0.000	0.000	0.000	0.001	0.000	0.000	0.000
airport-lyon-1169-45519	airport	airport	0.946	0.000	0.000	0.006	0.000	0.000	0.048	0.000	0.000	0.000
airport-lyon-1169-45560	airport	airport	0.999	0.000	0.000	0.000	0.000	0.000	0.001	0.000	0.000	0.000
airport-lyon-1169-45588	airport	airport	0.999	0.000	0.000	0.000	0.000	0.000	0.001	0.000	0.000	0.000
airport-lyon-1169-45628	airport	airport	0.999	0.000	0.000	0.000	0.000	0.000	0.001	0.000	0.000	0.000
airport-lyon-1169-45672	airport	airport	0.999	0.000	0.000	0.000	0.000	0.000	0.001	0.000	0.000	0.000
airport-milan-1172-44103	airport	airport	0.992	0.000	0.000	0.000	0.000	0.000	0.008	0.000	0.000	0.000
airport-milan-1172-44126	airport	airport	0.981	0.000	0.000	0.000	0.000	0.000	0.019	0.000	0.000	0.000
airport-milan-1172-44205	airport	airport	0.990	0.000	0.000	0.000	0.000	0.000	0.010	0.000	0.000	0.000
airport-milan-1172-44215	airport	airport	0.876	0.000	0.000	0.000	0.000	0.000	0.123	0.000	0.000	0.000
airport-milan-1172-44376	airport	airport	0.996	0.000	0.000	0.000	0.000	0.000	0.004	0.000	0.000	0.000
airport-milan-1172-44409	airport	airport	0.970	0.000	0.000	0.000	0.000	0.000	0.030	0.000	0.000	0.000
airport-milan-1172-44524	airport	airport	0.998	0.000	0.000	0.000	0.000	0.000	0.002	0.000	0.000	0.000
airport-milan-1172-44533	airport	airport	0.969	0.000	0.007	0.002	0.000	0.001	0.021	0.000	0.000	0.000
airport-milan-1172-44567	airport	airport	0.903	0.000	0.000	0.000	0.000	0.000	0.097	0.000	0.000	0.000
airport-milan-1172-44586	airport	airport	0.996	0.000	0.000	0.000	0.000	0.000	0.003	0.000	0.000	0.000
airport-milan-1172-44624	airport	airport	1.000	0.000	0.000	0.000	0.000	0.000	0.000	0.000	0.000	0.000
airport-milan-1172-44661	airport	airport	1.000	0.000	0.000	0.000	0.000	0.000	0.000	0.000	0.000	0.000
airport-milan-1172-44687	airport	airport	1.000	0.000	0.000	0.000	0.000	0.000	0.000	0.000	0.000	0.000
airport-milan-1172-44762	airport	airport	1.000	0.000	0.000	0.000	0.000	0.000	0.000	0.000	0.000	0.000
airport-milan-1172-44768	airport	airport	1.000	0.000	0.000	0.000	0.000	0.000	0.000	0.000	0.000	0.000
airport-milan-1172-44819	airport	airport	1.000	0.000	0.000	0.000	0.000	0.000	0.000	0.000	0.000	0.000
airport-milan-1172-44887	airport	airport	1.000	0.000	0.000	0.000	0.000	0.000	0.000	0.000	0.000	0.000
airport-milan-1172-44925	airport	airport	0.955	0.000	0.000	0.000	0.000	0.000	0.045	0.000	0.000	0.000
airport-milan-1172-45028	airport	airport	0.992	0.000	0.000	0.000	0.000	0.000	0.008	0.000	0.000	0.000
airport-milan-1172-45082	airport	airport	0.998	0.000	0.000	0.000	0.000	0.000	0.002	0.000	0.000	0.000
airport-milan-1172-45119	airport	airport	0.995	0.000	0.000	0.000	0.000	0.000	0.005	0.000	0.000	0.000
airport-milan-1172-45165	airport	airport	1.000	0.000	0.000	0.000	0.000	0.000	0.000	0.000	0.000	0.000
airport-milan-1172-45190	airport	airport	0.999	0.000	0.000	0.000	0.000	0.000	0.001	0.000	0.000	0.000
airport-milan-1172-45214	airport	airport	1.000	0.000	0.000	0.000	0.000	0.000	0.000	0.000	0.000	0.000
airport-milan-1172-45225	airport	airport	0.996	0.000	0.000	0.000	0.000	0.000	0.004	0.000	0.000	0.000
airport-milan-1172-45261	airport	airport	1.000	0.000	0.000	0.000	0.000	0.000	0.000	0.000	0.000	0.000
airport-milan-1172-45320	airport	airport	0.999	0.000	0.000	0.000	0.000	0.000	0.001	0.000	0.000	0.000
airport-milan-1172-45327	airport	airport	0.951	0.000	0.000	0.000	0.000	0.000	0.048	0.000	0.000	0.000
airport-milan-1172-45355	airport	airport	1.000	0.000	0.000	0.000	0.000	0.000	0.000	0.000	0.000	0.000
airport-milan-1172-45409	airport	airport	0.938	0.000	0.009	0.004	0.000	0.001	0.047	0.000	0.000	0.000
airport-milan-1172-45420	airport	airport	0.996	0.000	0.000	0.000	0.000	0.000	0.004	0.000	0.000	0.000
airport-milan-1172-45490	airport	airport	1.000	0.000	0.000	0.000	0.000	0.000	0.000	0.000	0.000	0.000
airport-milan-1172-45505	airport	airport	0.999	0.000	0.000	0.000	0.000	0.000	0.001	0.000	0.000	0.000
airport-milan-1172-45645	airport	airport	1.000	0.000	0.000	0.000	0.000	0.000	0.000	0.000	0.000	0.000
airport-milan-1172-45710	airport	airport	0.998	0.000	0.000	0.000	0.000	0.000	0.002	0.000	0.000	0.000
airport-milan-1172-45738	airport	airport	0.999	0.000	0.000	0.000	0.000	0.000	0.001	0.000	0.000	0.000
airport-paris-206-6237	airport	airport	0.531	0.000	0.000	0.025	0.000	0.012	0.033	0.398	0.000	0.000
airport-paris-206-6238	street_pedestrian	airport	0.194	0.000	0.000	0.005	0.000	0.117	0.004	0.679	0.001	0.000
airport-paris-206-6239	metro_station	airport	0.166	0.001	0.027	0.400	0.000	0.078	0.033	0.287	0.002	0.006
airport-paris-206-6240	metro_station	airport	0.071	0.000	0.218	0.365	0.000	0.086	0.076	0.137	0.000	0.047
airport-paris-206-6241	metro_station	airport	0.056	0.000	0.001	0.875	0.000	0.006	0.006	0.056	0.000	0.001
airport-paris-206-6242	street_pedestrian	airport	0.111	0.000	0.006	0.261	0.000	0.062	0.100	0.458	0.000	0.001
airport-paris-206-6243	metro_station	airport	0.290	0.000	0.019	0.543	0.000	0.012	0.013	0.118	0.001	0.004
airport-paris-206-6244	metro_station	airport	0.288	0.000	0.006	0.453	0.000	0.010	0.027	0.213	0.001	0.002
airport-paris-206-6245	street_pedestrian	airport	0.374	0.001	0.003	0.027	0.000	0.162	0.008	0.421	0.003	0.000
airport-paris-206-6246	airport	airport	0.630	0.000	0.006	0.234	0.000	0.039	0.053	0.036	0.000	0.001
airport-paris-206-6247	street_pedestrian	airport	0.002	0.002	0.002	0.083	0.000	0.159	0.000	0.564	0.188	0.000
airport-paris-206-6248	metro_station	airport	0.004	0.000	0.004	0.707	0.000	0.007	0.007	0.271	0.000	0.000
airport-paris-206-6249	airport	airport	0.555	0.000	0.006	0.225	0.000	0.046	0.028	0.137	0.002	0.001
airport-paris-206-6250	metro_station	airport	0.016	0.000	0.002	0.925	0.000	0.003	0.003	0.050	0.000	0.000
airport-paris-206-6251	street_pedestrian	airport	0.035	0.000	0.000	0.017	0.000	0.061	0.001	0.882	0.003	0.000
airport-paris-206-6252	metro_station	airport	0.025	0.001	0.121	0.670	0.000	0.028	0.059	0.075	0.000	0.020
airport-paris-206-6253	metro_station	airport	0.108	0.001	0.021	0.773	0.000	0.009	0.025	0.054	0.000	0.010
airport-paris-206-6254	street_pedestrian	airport	0.027	0.000	0.002	0.090	0.000	0.014	0.046	0.820	0.000	0.000
airport-paris-206-6255	street_pedestrian	airport	0.057	0.007	0.014	0.290	0.000	0.261	0.000	0.362	0.008	0.002
airport-paris-206-6256	metro_station	airport	0.016	0.008	0.020	0.315	0.000	0.181	0.000	0.281	0.176	0.002
airport-paris-206-6257	metro_station	airport	0.181	0.000	0.001	0.662	0.000	0.018	0.011	0.125	0.000	0.001
airport-paris-206-6258	street_pedestrian	airport	0.110	0.000	0.001	0.049	0.000	0.035	0.002	0.800	0.003	0.000
airport-paris-206-6259	metro_station	airport	0.003	0.017	0.030	0.807	0.000	0.037	0.000	0.056	0.043	0.007
airport-paris-206-6260	airport	airport	0.520	0.000	0.007	0.162	0.000	0.080	0.003	0.227	0.000	0.001
airport-paris-206-6261	metro_station	airport	0.056	0.009	0.038	0.677	0.000	0.057	0.006	0.136	0.003	0.018
airport-paris-206-6262	metro_station	airport	0.072	0.000	0.002	0.662	0.000	0.025	0.001	0.237	0.000	0.000
airport-paris-206-6263	metro_station	airport	0.027	0.010	0.040	0.385	0.001	0.178	0.002	0.324	0.017	0.017
airport-paris-206-6264	airport	airport	0.527	0.000	0.017	0.211	0.000	0.070	0.001	0.169	0.003	0.002
airport-paris-206-6265	airport	airport	0.781	0.000	0.007	0.161	0.000	0.008	0.006	0.036	0.000	0.001
airport-paris-206-6266	street_pedestrian	airport	0.036	0.002	0.007	0.199	0.000	0.176	0.001	0.563	0.014	0.002
airport-paris-206-6267	street_pedestrian	airport	0.007	0.002	0.012	0.180	0.000	0.079	0.000	0.378	0.341	0.000
airport-paris-206-6268	metro_station	airport	0.031	0.000	0.003	0.916	0.000	0.010	0.021	0.017	0.000	0.002
airport-paris-206-6269	street_pedestrian	airport	0.144	0.003	0.008	0.159	0.001	0.265	0.006	0.396	0.010	0.008
airport-paris-206-6270	bus	airport	0.007	0.313	0.193	0.235	0.000	0.087	0.001	0.063	0.019	0.081
airport-paris-206-6271	street_traffic	airport	0.001	0.000	0.001	0.027	0.000	0.065	0.000	0.212	0.694	0.000
airport-paris-206-6272	street_pedestrian	airport	0.067	0.000	0.006	0.229	0.000	0.088	0.013	0.595	0.001	0.001
airport-paris-206-6273	metro_station	airport	0.104	0.000	0.004	0.668	0.000	0.004	0.034	0.185	0.000	0.001
airport-paris-206-6274	airport	airport	0.472	0.000	0.001	0.166	0.000	0.045	0.012	0.303	0.000	0.000
airport-paris-206-6275	airport	airport	0.791	0.000	0.003	0.092	0.000	0.008	0.025	0.080	0.000	0.001
airport-paris-206-6276	metro_station	airport	0.347	0.000	0.009	0.561	0.000	0.007	0.010	0.061	0.000	0.006
airport-paris-206-6277	metro_station	airport	0.030	0.004	0.014	0.635	0.000	0.042	0.006	0.259	0.006	0.003
airport-paris-206-6278	metro_station	airport	0.070	0.008	0.039	0.452	0.000	0.093	0.004	0.245	0.083	0.006
airport-paris-206-6279	street_pedestrian	airport	0.049	0.010	0.121	0.055	0.001	0.358	0.007	0.376	0.007	0.015
airport-paris-206-6280	street_pedestrian	airport	0.046	0.004	0.007	0.066	0.000	0.124	0.005	0.742	0.006	0.002
airport-paris-206-6281	metro_station	airport	0.272	0.000	0.015	0.513	0.000	0.018	0.069	0.107	0.001	0.005
airport-paris-206-6282	metro_station	airport	0.013	0.013	0.090	0.605	0.000	0.041	0.001	0.217	0.008	0.011
airport-prague-1173-44104	airport	airport	1.000	0.000	0.000	0.000	0.000	0.000	0.000	0.000	0.000	0.000
airport-prague-1173-44309	airport	airport	0.998	0.000	0.000	0.001	0.000	0.000	0.001	0.000	0.000	0.000
airport-prague-1173-44354	airport	airport	0.993	0.000	0.000	0.001	0.000	0.000	0.005	0.000	0.000	0.000
airport-prague-1173-44397	airport	airport	0.997	0.000	0.000	0.000	0.000	0.000	0.003	0.000	0.000	0.000
airport-prague-1173-44425	airport	airport	0.999	0.000	0.000	0.000	0.000	0.000	0.000	0.000	0.000	0.000
airport-prague-1173-44592	airport	airport	0.994	0.000	0.000	0.001	0.000	0.000	0.005	0.000	0.000	0.000
airport-prague-1173-44620	airport	airport	0.984	0.000	0.000	0.000	0.000	0.000	0.016	0.000	0.000	0.000
airport-prague-1173-44705	airport	airport	0.993	0.000	0.000	0.003	0.000	0.000	0.002	0.001	0.000	0.000
airport-prague-1173-44800	airport	airport	0.984	0.000	0.000	0.002	0.000	0.000	0.014	0.000	0.000	0.000
airport-prague-1173-44812	airport	airport	0.997	0.000	0.000	0.000	0.000	0.000	0.003	0.000	0.000	0.000
airport-prague-1173-44843	airport	airport	0.996	0.000	0.000	0.000	0.000	0.000	0.004	0.000	0.000	0.000
airport-prague-1173-44938	airport	airport	0.997	0.000	0.000	0.001	0.000	0.000	0.002	0.000	0.000	0.000
airport-prague-1173-44997	airport	airport	0.998	0.000	0.000	0.000	0.000	0.000	0.002	0.000	0.000	0.000
airport-prague-1173-45032	airport	airport	0.995	0.000	0.000	0.000	0.000	0.000	0.005	0.000	0.000	0.000
airport-prague-1173-45158	airport	airport	0.994	0.000	0.000	0.000	0.000	0.000	0.006	0.000	0.000	0.000
airport-prague-1173-45201	airport	airport	0.999	0.000	0.000	0.000	0.000	0.000	0.001	0.000	0.000	0.000
airport-prague-1173-45299	airport	airport	0.998	0.000	0.000	0.000	0.000	0.000	0.002	0.000	0.000	0.000
airport-prague-1173-45336	airport	airport	1.000	0.000	0.000	0.000	0.000	0.000	0.000	0.000	0.000	0.000
airport-prague-1173-45405	airport	airport	0.997	0.000	0.000	0.000	0.000	0.000	0.002	0.000	0.000	0.000
airport-prague-1173-45485	airport	airport	0.999	0.000	0.000	0.000	0.000	0.000	0.001	0.000	0.000	0.000
airport-prague-1173-45640	airport	airport	0.999	0.000	0.000	0.000	0.000	0.000	0.001	0.000	0.000	0.000
airport-prague-1173-45679	airport	airport	0.928	0.000	0.000	0.001	0.000	0.000	0.070	0.000	0.000	0.000
airport-prague-1173-45722	airport	airport	0.998	0.000	0.000	0.000	0.000	0.000	0.002	0.000	0.000	0.000
airport-prague-1173-45742	airport	airport	0.996	0.000	0.000	0.000	0.000	0.000	0.004	0.000	0.000	0.000
airport-prague-1195-44142	airport	airport	0.999	0.000	0.000	0.000	0.000	0.000	0.001	0.000	0.000	0.000
airport-prague-1195-44149	airport	airport	0.988	0.000	0.000	0.002	0.000	0.000	0.010	0.000	0.000	0.000
airport-prague-1195-44169	shopping_mall	airport	0.198	0.000	0.000	0.061	0.000	0.000	0.738	0.002	0.000	0.000
airport-prague-1195-44218	airport	airport	0.996	0.000	0.000	0.000	0.000	0.000	0.003	0.000	0.000	0.000
airport-prague-1195-44333	shopping_mall	airport	0.058	0.000	0.000	0.010	0.000	0.000	0.930	0.002	0.000	0.000
airport-prague-1195-44426	airport	airport	0.925	0.000	0.000	0.002	0.000	0.000	0.073	0.000	0.000	0.000
airport-prague-1195-44435	airport	airport	0.477	0.000	0.001	0.101	0.000	0.000	0.420	0.002	0.000	0.000
airport-prague-1195-44824	airport	airport	1.000	0.000	0.000	0.000	0.000	0.000	0.000	0.000	0.000	0.000
airport-prague-1195-44928	airport	airport	0.670	0.000	0.000	0.009	0.000	0.000	0.320	0.001	0.000	0.000
airport-prague-1195-44947	airport	airport	1.000	0.000	0.000	0.000	0.000	0.000	0.000	0.000	0.000	0.000
airport-prague-1195-45063	airport	airport	0.927	0.000	0.000	0.020	0.000	0.000	0.052	0.000	0.000	0.000
airport-prague-1195-45065	airport	airport	0.544	0.000	0.000	0.023	0.000	0.000	0.429	0.004	0.000	0.000
airport-prague-1195-45096	airport	airport	0.980	0.000	0.000	0.000	0.000	0.000	0.019	0.000	0.000	0.000
airport-prague-1195-45109	airport	airport	1.000	0.000	0.000	0.000	0.000	0.000	0.000	0.000	0.000	0.000
airport-prague-1195-45260	airport	airport	0.979	0.000	0.000	0.000	0.000	0.000	0.021	0.000	0.000	0.000
airport-prague-1195-45265	airport	airport	0.757	0.000	0.000	0.001	0.000	0.000	0.241	0.000	0.000	0.000
airport-prague-1195-45312	airport	airport	0.969	0.000	0.000	0.000	0.000	0.000	0.030	0.000	0.000	0.000
airport-prague-1195-45537	airport	airport	0.909	0.000	0.000	0.012	0.000	0.000	0.079	0.000	0.000	0.000
airport-prague-1195-45597	airport	airport	0.714	0.000	0.000	0.060	0.000	0.001	0.186	0.038	0.000	0.000
airport-prague-1195-45657	airport	airport	0.965	0.000	0.000	0.003	0.000	0.000	0.031	0.001	0.000	0.000
airport-prague-1195-45704	shopping_mall	airport	0.356	0.000	0.000	0.035	0.000	0.000	0.606	0.003	0.000	0.000
airport-prague-1195-45749	airport	airport	1.000	0.000	0.000	0.000	0.000	0.000	0.000	0.000	0.000	0.000
airport-prague-1195-45752	airport	airport	0.989	0.000	0.000	0.001	0.000	0.000	0.008	0.002	0.000	0.000
airport-prague-1195-45754	airport	airport	0.872	0.000	0.000	0.008	0.000	0.000	0.120	0.000	0.000	0.000
airport-stockholm-208-6315	airport	airport	0.973	0.000	0.000	0.001	0.000	0.001	0.020	0.004	0.000	0.000
airport-stockholm-208-6316	airport	airport	0.856	0.000	0.008	0.056	0.000	0.000	0.068	0.000	0.000	0.011
airport-stockholm-208-6317	airport	airport	0.998	0.000	0.000	0.000	0.000	0.000	0.001	0.001	0.000	0.000
airport-stockholm-208-6318	airport	airport	0.952	0.000	0.000	0.002	0.000	0.000	0.045	0.000	0.000	0.000
airport-stockholm-208-6319	shopping_mall	airport	0.427	0.000	0.000	0.011	0.000	0.006	0.469	0.087	0.000	0.000
airport-stockholm-208-6320	shopping_mall	airport	0.201	0.000	0.000	0.006	0.000	0.001	0.776	0.016	0.000	0.000
airport-stockholm-208-6321	airport	airport	0.999	0.000	0.000	0.000	0.000	0.000	0.001	0.000	0.000	0.000
airport-stockholm-208-6322	airport	airport	0.930	0.000	0.000	0.015	0.000	0.000	0.054	0.000	0.000	0.000
airport-stockholm-208-6323	airport	airport	0.999	0.000	0.000	0.000	0.000	0.000	0.000	0.001	0.000	0.000
airport-stockholm-208-6324	airport	airport	0.999	0.000	0.000	0.001	0.000	0.000	0.000	0.000	0.000	0.000
airport-stockholm-208-6325	airport	airport	1.000	0.000	0.000	0.000	0.000	0.000	0.000	0.000	0.000	0.000
airport-stockholm-208-6326	airport	airport	0.535	0.000	0.000	0.019	0.000	0.000	0.445	0.000	0.000	0.000
airport-stockholm-208-6327	airport	airport	0.874	0.000	0.003	0.018	0.000	0.001	0.091	0.013	0.000	0.000
airport-stockholm-208-6328	airport	airport	0.807	0.000	0.000	0.008	0.000	0.000	0.184	0.000	0.000	0.000
airport-stockholm-208-6329	airport	airport	0.881	0.000	0.000	0.003	0.000	0.000	0.116	0.000	0.000	0.000
airport-stockholm-208-6330	airport	airport	0.976	0.000	0.000	0.006	0.000	0.000	0.018	0.000	0.000	0.000
airport-stockholm-208-6331	airport	airport	0.971	0.000	0.002	0.010	0.000	0.000	0.016	0.000	0.000	0.000
airport-stockholm-208-6332	airport	airport	0.975	0.000	0.000	0.007	0.000	0.000	0.018	0.000	0.000	0.000
airport-stockholm-208-6333	airport	airport	0.989	0.000	0.000	0.004	0.000	0.000	0.006	0.000	0.000	0.000
airport-stockholm-208-6334	airport	airport	0.998	0.000	0.000	0.000	0.000	0.000	0.001	0.000	0.000	0.000
airport-stockholm-208-6335	airport	airport	0.994	0.000	0.000	0.003	0.000	0.000	0.003	0.000	0.000	0.000
airport-stockholm-208-6336	airport	airport	0.849	0.000	0.000	0.004	0.000	0.000	0.144	0.003	0.000	0.000
airport-stockholm-208-6337	airport	airport	1.000	0.000	0.000	0.000	0.000	0.000	0.000	0.000	0.000	0.000
airport-stockholm-208-6338	airport	airport	0.972	0.000	0.000	0.002	0.000	0.000	0.025	0.000	0.000	0.000
airport-stockholm-208-6339	airport	airport	0.999	0.000	0.000	0.000	0.000	0.000	0.001	0.000	0.000	0.000
airport-stockholm-208-6340	airport	airport	0.990	0.000	0.000	0.000	0.000	0.000	0.010	0.000	0.000	0.000
airport-stockholm-208-6341	airport	airport	0.964	0.000	0.001	0.006	0.000	0.000	0.029	0.000	0.000	0.001
airport-stockholm-208-6342	airport	airport	1.000	0.000	0.000	0.000	0.000	0.000	0.000	0.000	0.000	0.000
airport-stockholm-208-6343	airport	airport	0.999	0.000	0.000	0.000	0.000	0.000	0.000	0.000	0.000	0.000
airport-stockholm-208-6344	shopping_mall	airport	0.153	0.000	0.000	0.008	0.000	0.000	0.833	0.006	0.000	0.000
airport-stockholm-208-6345	airport	airport	0.810	0.000	0.000	0.002	0.000	0.003	0.144	0.041	0.000	0.000
airport-stockholm-208-6346	airport	airport	0.830	0.000	0.000	0.005	0.000	0.000	0.164	0.000	0.000	0.000
bus-barcelona-210-6387	tram	bus	0.000	0.004	0.012	0.006	0.000	0.000	0.000	0.000	0.000	0.977
bus-barcelona-210-6388	tram	bus	0.000	0.403	0.033	0.001	0.000	0.000	0.000	0.000	0.000	0.563
bus-barcelona-210-6389	bus	bus	0.000	0.454	0.143	0.001	0.000	0.000	0.000	0.000	0.000	0.401
bus-barcelona-210-6390	tram	bus	0.000	0.113	0.034	0.001	0.000	0.000	0.000	0.000	0.000	0.851
bus-barcelona-210-6391	tram	bus	0.000	0.155	0.164	0.031	0.000	0.000	0.000	0.000	0.000	0.650
bus-barcelona-210-6392	bus	bus	0.000	0.456	0.441	0.009	0.000	0.000	0.000	0.000	0.000	0.094
bus-barcelona-210-6393	metro	bus	0.000	0.229	0.621	0.034	0.000	0.001	0.000	0.000	0.006	0.107
bus-barcelona-210-6394	metro	bus	0.000	0.007	0.881	0.004	0.000	0.000	0.000	0.000	0.000	0.108
bus-barcelona-210-6395	bus	bus	0.000	0.924	0.006	0.000	0.000	0.000	0.000	0.000	0.000	0.070
bus-barcelona-210-6396	tram	bus	0.000	0.029	0.019	0.002	0.000	0.000	0.000	0.000	0.000	0.949
bus-barcelona-210-6397	bus	bus	0.000	0.704	0.232	0.003	0.000	0.000	0.000	0.000	0.000	0.060
bus-barcelona-210-6398	tram	bus	0.000	0.384	0.018	0.016	0.000	0.000	0.000	0.000	0.001	0.580
bus-barcelona-210-6399	metro	bus	0.000	0.217	0.485	0.057	0.000	0.000	0.000	0.000	0.000	0.240
bus-barcelona-210-6400	bus	bus	0.000	0.512	0.180	0.003	0.000	0.000	0.000	0.000	0.001	0.303
bus-barcelona-210-6401	metro	bus	0.000	0.133	0.371	0.259	0.000	0.000	0.000	0.001	0.001	0.235
bus-barcelona-210-6402	metro	bus	0.000	0.184	0.414	0.011	0.000	0.000	0.000	0.000	0.000	0.390
bus-barcelona-210-6403	bus	bus	0.000	0.555	0.252	0.054	0.000	0.000	0.000	0.000	0.000	0.139
bus-barcelona-210-6404	tram	bus	0.000	0.311	0.169	0.037	0.000	0.000	0.000	0.000	0.000	0.483
bus-barcelona-210-6405	tram	bus	0.000	0.123	0.014	0.001	0.000	0.000	0.000	0.000	0.000	0.862
bus-barcelona-210-6406	bus	bus	0.000	0.614	0.217	0.031	0.000	0.000	0.000	0.000	0.000	0.137
bus-barcelona-210-6407	bus	bus	0.000	0.764	0.035	0.000	0.000	0.000	0.000	0.000	0.000	0.200
bus-barcelona-210-6408	bus	bus	0.000	0.936	0.022	0.002	0.000	0.000	0.000	0.000	0.001	0.040
bus-barcelona-210-6409	bus	bus	0.000	0.984	0.008	0.002	0.000	0.000	0.000	0.000	0.000	0.006
bus-barcelona-210-6410	bus	bus	0.000	0.809	0.016	0.000	0.000	0.000	0.000	0.000	0.000	0.174
bus-barcelona-210-6411	tram	bus	0.000	0.005	0.016	0.000	0.000	0.000	0.000	0.000	0.000	0.978
bus-barcelona-210-6412	tram	bus	0.000	0.025	0.014	0.002	0.000	0.000	0.000	0.000	0.000	0.959
bus-barcelona-210-6413	bus	bus	0.000	0.489	0.051	0.001	0.000	0.000	0.000	0.000	0.000	0.459
bus-barcelona-210-6414	bus	bus	0.000	0.674	0.106	0.003	0.000	0.000	0.000	0.000	0.000	0.217
bus-barcelona-210-6415	bus	bus	0.000	0.514	0.268	0.012	0.000	0.000	0.000	0.000	0.000	0.205
bus-barcelona-210-6416	bus	bus	0.000	0.360	0.300	0.025	0.000	0.000	0.000	0.000	0.000	0.315
bus-barcelona-210-6417	bus	bus	0.000	0.655	0.061	0.010	0.000	0.000	0.000	0.000	0.000	0.274
bus-barcelona-210-6418	tram	bus	0.000	0.162	0.043	0.003	0.000	0.000	0.000	0.000	0.000	0.792
bus-barcelona-210-6419	bus	bus	0.000	0.606	0.035	0.000	0.000	0.000	0.000	0.000	0.000	0.358
bus-barcelona-210-6420	metro	bus	0.000	0.269	0.558	0.018	0.000	0.000	0.000	0.000	0.000	0.155
bus-barcelona-210-6421	bus	bus	0.000	0.513	0.155	0.011	0.000	0.000	0.000	0.000	0.000	0.320
bus-barcelona-210-6422	bus	bus	0.000	0.736	0.062	0.013	0.000	0.000	0.000	0.000	0.000	0.189
bus-helsinki-211-6424	bus	bus	0.000	0.952	0.023	0.008	0.000	0.001	0.000	0.001	0.014	0.002
bus-helsinki-211-6425	bus	bus	0.000	0.871	0.012	0.014	0.000	0.000	0.000	0.000	0.000	0.103
bus-helsinki-211-6426	bus	bus	0.000	0.998	0.001	0.000	0.000	0.000	0.000	0.000	0.000	0.001
bus-helsinki-211-6427	bus	bus	0.000	0.659	0.103	0.015	0.000	0.000	0.000	0.000	0.002	0.221
bus-helsinki-211-6428	bus	bus	0.000	0.966	0.010	0.006	0.000	0.001	0.000	0.001	0.014	0.002
bus-helsinki-211-6429	bus	bus	0.000	0.465	0.232	0.004	0.000	0.000	0.000	0.000	0.001	0.298
bus-helsinki-211-6430	bus	bus	0.000	0.994	0.001	0.000	0.000	0.000	0.000	0.000	0.000	0.005
bus-helsinki-211-6431	bus	bus	0.000	0.862	0.019	0.002	0.000	0.000	0.000	0.000	0.000	0.118
bus-helsinki-211-6433	bus	bus	0.000	0.983	0.004	0.000	0.000	0.000	0.000	0.000	0.000	0.012
bus-helsinki-211-6434	bus	bus	0.000	0.857	0.030	0.000	0.000	0.000	0.000	0.000	0.000	0.112
bus-helsinki-211-6435	bus	bus	0.000	0.928	0.033	0.001	0.000	0.000	0.000	0.000	0.000	0.039
bus-helsinki-211-6436	bus	bus	0.000	0.994	0.001	0.000	0.000	0.000	0.000	0.000	0.000	0.004
bus-helsinki-211-6437	bus	bus	0.000	0.558	0.104	0.048	0.000	0.000	0.000	0.001	0.002	0.286
bus-helsinki-211-6438	bus	bus	0.000	0.972	0.027	0.000	0.000	0.000	0.000	0.000	0.000	0.002
bus-helsinki-211-6439	bus	bus	0.000	0.509	0.114	0.035	0.000	0.000	0.000	0.000	0.004	0.336
bus-helsinki-211-6440	bus	bus	0.000	0.762	0.017	0.022	0.000	0.000	0.000	0.001	0.001	0.196
bus-helsinki-211-6442	bus	bus	0.000	0.969	0.009	0.007	0.000	0.001	0.000	0.001	0.012	0.001
bus-helsinki-211-6443	bus	bus	0.000	0.923	0.012	0.015	0.000	0.000	0.000	0.000	0.002	0.047
bus-helsinki-211-6444	bus	bus	0.000	0.949	0.010	0.000	0.000	0.000	0.000	0.000	0.000	0.041
bus-helsinki-211-6445	metro	bus	0.000	0.215	0.399	0.007	0.000	0.000	0.000	0.000	0.000	0.378
bus-helsinki-211-6448	bus	bus	0.000	0.712	0.042	0.012	0.000	0.000	0.000	0.000	0.000	0.234
bus-helsinki-211-6449	bus	bus	0.000	0.927	0.024	0.001	0.000	0.000	0.000	0.000	0.000	0.049
bus-helsinki-211-6450	bus	bus	0.000	0.914	0.014	0.001	0.000	0.000	0.000	0.000	0.000	0.070
bus-helsinki-211-6452	bus	bus	0.000	0.435	0.096	0.044	0.000	0.001	0.000	0.001	0.002	0.422
bus-helsinki-211-6453	bus	bus	0.000	0.997	0.001	0.000	0.000	0.000	0.000	0.000	0.000	0.003
bus-helsinki-211-6454	bus	bus	0.000	0.997	0.001	0.000	0.000	0.000	0.000	0.000	0.000	0.002
bus-helsinki-211-6455	bus	bus	0.000	0.998	0.001	0.000	0.000	0.000	0.000	0.000	0.000	0.001
bus-helsinki-211-6457	bus	bus	0.000	0.974	0.011	0.005	0.000	0.001	0.000	0.000	0.009	0.001
bus-helsinki-211-6458	bus	bus	0.000	0.994	0.001	0.000	0.000	0.000	0.000	0.000	0.000	0.005
bus-helsinki-211-6459	bus	bus	0.000	0.864	0.088	0.000	0.000	0.000	0.000	0.000	0.000	0.047
bus-helsinki-211-6460	bus	bus	0.000	0.559	0.066	0.022	0.000	0.000	0.000	0.000	0.000	0.353
bus-helsinki-211-6461	bus	bus	0.000	0.875	0.016	0.005	0.000	0.000	0.000	0.000	0.001	0.103
bus-helsinki-211-6464	bus	bus	0.000	0.994	0.001	0.000	0.000	0.000	0.000	0.000	0.000	0.005
bus-helsinki-211-6465	bus	bus	0.000	0.922	0.025	0.006	0.000	0.000	0.000	0.001	0.001	0.045
bus-helsinki-211-6466	bus	bus	0.000	0.994	0.001	0.000	0.000	0.000	0.000	0.000	0.001	0.004
bus-lisbon-1212-44206	tram	bus	0.000	0.123	0.115	0.013	0.000	0.000	0.000	0.000	0.001	0.748
bus-lisbon-1212-44271	bus	bus	0.000	0.668	0.066	0.005	0.000	0.000	0.000	0.000	0.000	0.261
bus-lisbon-1212-44366	bus	bus	0.000	0.822	0.113	0.002	0.000	0.000	0.000	0.000	0.007	0.056
bus-lisbon-1212-44406	tram	bus	0.000	0.235	0.153	0.001	0.000	0.000	0.000	0.000	0.000	0.611
bus-lisbon-1212-44414	metro	bus	0.008	0.127	0.317	0.060	0.001	0.115	0.057	0.082	0.205	0.027
bus-lisbon-1212-44463	tram	bus	0.000	0.335	0.116	0.002	0.000	0.000	0.000	0.000	0.000	0.546
bus-lisbon-1212-44498	bus	bus	0.000	0.822	0.113	0.001	0.000	0.000	0.000	0.000	0.000	0.064
bus-lisbon-1212-44531	bus	bus	0.000	0.464	0.112	0.004	0.000	0.000	0.000	0.000	0.000	0.420
bus-lisbon-1212-45080	bus	bus	0.000	0.714	0.076	0.001	0.000	0.000	0.000	0.000	0.000	0.210
bus-lisbon-1212-45457	tram	bus	0.001	0.160	0.380	0.032	0.000	0.001	0.001	0.003	0.002	0.420
bus-lisbon-1212-45534	tram	bus	0.000	0.118	0.122	0.013	0.000	0.001	0.000	0.000	0.001	0.745
bus-lisbon-1212-45548	bus	bus	0.002	0.531	0.350	0.014	0.000	0.015	0.002	0.009	0.035	0.042
bus-lisbon-1212-45601	bus	bus	0.000	0.895	0.087	0.001	0.000	0.001	0.000	0.001	0.004	0.009
bus-lisbon-1212-45715	tram	bus	0.000	0.217	0.193	0.010	0.000	0.000	0.000	0.000	0.000	0.578
bus-lisbon-1223-44393	bus	bus	0.000	0.785	0.204	0.001	0.000	0.000	0.000	0.000	0.000	0.010
bus-lisbon-1223-44407	bus	bus	0.000	0.907	0.080	0.001	0.000	0.000	0.000	0.000	0.000	0.012
bus-lisbon-1223-44429	bus	bus	0.000	0.910	0.022	0.000	0.000	0.000	0.000	0.000	0.000	0.068
bus-lisbon-1223-44483	bus	bus	0.000	0.705	0.272	0.001	0.000	0.000	0.000	0.000	0.000	0.022
bus-lisbon-1223-44593	bus	bus	0.000	0.992	0.007	0.000	0.000	0.000	0.000	0.000	0.000	0.001
bus-lisbon-1223-44619	bus	bus	0.000	0.991	0.008	0.000	0.000	0.000	0.000	0.000	0.000	0.001
bus-lisbon-1223-44695	bus	bus	0.000	0.977	0.020	0.001	0.000	0.000	0.000	0.000	0.000	0.002
bus-lisbon-1223-44799	bus	bus	0.000	0.988	0.011	0.000	0.000	0.000	0.000	0.000	0.000	0.001
bus-lisbon-1223-45057	bus	bus	0.000	0.949	0.047	0.001	0.000	0.000	0.000	0.000	0.000	0.003
bus-lisbon-1223-45220	bus	bus	0.000	0.920	0.066	0.000	0.000	0.000	0.000	0.000	0.000	0.013
bus-lisbon-1223-45244	bus	bus	0.000	0.908	0.085	0.001	0.000	0.000	0.000	0.000	0.000	0.006
bus-lisbon-1223-45639	bus	bus	0.000	0.835	0.155	0.000	0.000	0.000	0.000	0.000	0.000	0.009
bus-lisbon-1223-45689	bus	bus	0.000	0.744	0.241	0.002	0.000	0.000	0.000	0.000	0.000	0.013
bus-lisbon-1226-44491	bus	bus	0.000	0.913	0.002	0.000	0.000	0.000	0.000	0.000	0.000	0.085
bus-lisbon-1226-44523	tram	bus	0.000	0.301	0.002	0.001	0.000	0.000	0.000	0.000	0.000	0.696
bus-lisbon-1226-44601	bus	bus	0.000	0.923	0.005	0.000	0.000	0.000	0.000	0.000	0.001	0.070
bus-lisbon-1226-44607	bus	bus	0.000	0.969	0.001	0.000	0.000	0.000	0.000	0.000	0.000	0.030
bus-lisbon-1226-44871	bus	bus	0.000	0.994	0.000	0.000	0.000	0.000	0.000	0.000	0.000	0.005
bus-lisbon-1226-45035	bus	bus	0.000	0.912	0.003	0.000	0.000	0.000	0.000	0.000	0.000	0.085
bus-lisbon-1226-45078	bus	bus	0.000	0.691	0.002	0.001	0.000	0.000	0.000	0.000	0.000	0.306
bus-lisbon-1226-45085	bus	bus	0.000	0.805	0.066	0.001	0.000	0.000	0.000	0.000	0.000	0.129
bus-lisbon-1226-45095	bus	bus	0.000	0.986	0.000	0.000	0.000	0.000	0.000	0.000	0.000	0.014
bus-lisbon-1226-45100	bus	bus	0.000	0.986	0.000	0.000	0.000	0.000	0.000	0.000	0.000	0.013
bus-lisbon-1226-45496	tram	bus	0.000	0.455	0.004	0.000	0.000	0.000	0.000	0.000	0.000	0.541
bus-lisbon-1226-45544	metro	bus	0.000	0.208	0.587	0.000	0.000	0.000	0.000	0.000	0.000	0.204
bus-lisbon-1226-45632	tram	bus	0.000	0.201	0.002	0.000	0.000	0.000	0.000	0.000	0.000	0.797
bus-lisbon-1226-45756	bus	bus	0.000	0.769	0.004	0.001	0.000	0.000	0.000	0.000	0.001	0.226
bus-lyon-1177-44109	bus	bus	0.000	0.995	0.001	0.000	0.000	0.000	0.000	0.000	0.000	0.004
bus-lyon-1177-44129	bus	bus	0.000	0.992	0.005	0.000	0.000	0.000	0.000	0.000	0.000	0.003
bus-lyon-1177-44159	bus	bus	0.000	0.990	0.006	0.000	0.000	0.000	0.000	0.000	0.000	0.004
bus-lyon-1177-44178	bus	bus	0.000	0.964	0.005	0.000	0.000	0.000	0.000	0.000	0.000	0.030
bus-lyon-1177-44264	tram	bus	0.000	0.462	0.040	0.002	0.000	0.000	0.000	0.000	0.000	0.496
bus-lyon-1177-44268	bus	bus	0.000	0.966	0.012	0.000	0.000	0.000	0.000	0.000	0.000	0.022
bus-lyon-1177-44565	bus	bus	0.000	0.970	0.007	0.000	0.000	0.000	0.000	0.000	0.000	0.023
bus-lyon-1177-44753	bus	bus	0.000	0.643	0.020	0.000	0.000	0.000	0.000	0.000	0.000	0.338
bus-lyon-1177-44874	bus	bus	0.000	0.896	0.011	0.000	0.000	0.000	0.000	0.000	0.000	0.094
